-8.884
-10.0137
-8.10557
-6.15669
4.84522
-10.5924
-6.28194
-10.3175
-10.5357
-7.68944
-10.1461
-9.52938
-10.6831
-10.4053
-10.6745
-6.81817
-6.53862
-10.2168
-10.6909
-5.8362
-10.6034
-6.7083
-10.6906
-10.5862
-9.58712
-8.32327
-9.32061
-10.6819
-9.40615
-8.26946
-8.05619
-10.6913
-8.99228
-9.00907
-10.4356
-7.67877
-7.82075
13.3985
-7.50022
-10.217
-5.25333
-10.6599
-10.6297
-9.99049
-10.5941
-4.92139
-10.4151
-8.22527
-4.63253
-9.35002
-8.05615
-8.24876
-7.80757
-10.524
-10.3462
-8.49563
-10.6921
-7.13481
-5.24543
-8.54649
-10.62
18.8813
-10.6868
2.0621
-10.6811
-3.84897
3.51171
-10.6786
-10.6928
-9.85353
-9.5371
-5.79423
-10.6928
-9.92753
-7.89079
-5.91824
-6.0515
-6.83271
-10.6913
-8.87
-7.12395
-8.03554
-10.626
-10.4902
-9.85761
-10.6918
-10.3577
-10.426
-7.73904
-5.95284
-8.05994
-6.31281
-7.28315
-10.69
-2.38923
-10.2262
-9.54674
-4.30897
-6.5189
-2.51377
-8.11471
-4.57798
-10.6923
4.77337
-4.68133
-10.6909
-10.4677
-8.38795
-8.05124
6.8243
-10.3601
-9.68337
-9.7926
-10.1446
-5.02643
-10.5256
-9.44176
-2.01867
-9.87725
-4.74934
-10.5006
-6.34909
-8.24962
-2.06554
-8.68799
-10.1405
-7.77963
-0.585434
-9.64988
-10.4311
-0.549907
-6.56512
-9.58714
-9.01943
-9.73177
-3.69529
-0.221703
-5.02821
-10.5547
-10.6851
-9.75925
-10.6392
-9.52406
-10.4272
-10.6818
-3.72916
-10.2702
-10.6021
-7.75491
-9.16106
-10.6806
-10.2342
-8.93126
-7.2232
-6.76964
-9.93357
-8.41972
-9.07658
-10.5112
-10.439
-8.45137
-10.5529
-8.7976
-8.30888
-7.62848
-5.20621
-4.91716
-10.2081
-9.52402
-4.69781
-9.73353
-0.816308
-4.09753
-0.779797
-7.44976
-2.91881
-10.1413
-7.35591
-10.5927
-10.6017
-10.4651
-10.0674
-9.20587
-9.46544
-7.2318
-10.6321
-9.59147
-9.01364
-3.23554
-4.67419
-10.5544
-8.69765
-8.71863
-1.15413
-4.63773
-0.961804
-9.30232
-10.6411
-10.6527
-4.19359
-7.73354
-8.78387
-5.67054
-6.81404
-8.25296
-4.06026
-9.03486
-8.16191
-10.6905
-10.5152
-7.88214
-7.08974
-5.8468
-6.34213
1.13147
-8.99386
-4.4929
-5.66902
-10.312
-10.6502
-9.49162
-7.92334
-8.86238
-9.89235
-6.74564
-8.23845
-5.90848
-10.6835
-6.83272
-10.6031
-9.97584
-6.14591
-7.85229
-10.6911
-1.97492
-1.53269
-9.57071
-8.03984
-10.1837
-10.1193
-8.80385
-9.59734
-10.524
-3.52718
-8.76767
-0.750641
-9.00419
-3.44684
-10.1429
-6.66479
-9.88299
-6.29017
-8.41834
-10.6597
-4.83498
-10.0269
-9.93
-9.36599
-6.85685
-10.0807
-5.75626
-8.00808
-10.1198
-10.3734
-10.6898
-9.51287
-9.57599
-10.6256
-10.0979
-10.6387
-6.50489
-8.76252
-10.565
-10.1702
-5.06931
-10.5845
-10.6641
-2.19846
-2.30163
-10.4263
-10.0823
-10.6895
-8.0391
-10.638
-10.6882
-10.6742
-7.64529
-10.5326
-8.93276
-8.93381
-9.38915
-5.57422
-10.5234
-9.11907
-10.3145
-7.62419
-10.2281
-10.6519
-9.65695
-10.1812
-10.1499
-6.62965
-3.35819
-9.84199
-1.60397
-10.4133
-9.84659
-10.661
-10.6586
-10.6639
-8.57117
-8.57548
-10.6226
-10.5581
-9.53562
-4.27667
-6.47803
-9.47086
-9.55878
-10.401
-10.6446
-9.07009
-10.5034
-10.692
-0.586406
-5.10792
-10.6213
-9.48672
-8.69642
-9.50309
-10.6656
-8.17248
-9.68066
-10.1489
-10.5656
-7.89528
-10.6854
-10.6931
-10.6689
-10.5981
-8.6929
-10.6811
-0.966511
-10.691
1.32654
-10.5845
-8.11791
-9.11121
-10.6917
-4.49349
-2.8049
-9.6518
-10.6636
-7.93458
-10.6664
-10.4326
-5.4328
-9.83447
-9.44644
-10.6873
-9.69868
-5.35372
-8.03312
-10.6675
-1.46252
-9.69179
-10.6558
-9.75934
-10.5118
-10.5179
-1.22985
-1.48342
-10.6027
-4.6142
-8.04382
-8.61818
-6.82494
-6.77207
-5.36254
-10.6156
-10.6864
-8.07916
-4.62019
-10.0585
-10.6694
-6.73823
-3.96166
-10.6594
-10.6081
-9.07328
-3.58418
-10.6867
-10.651
-9.60319
-6.66088
-4.96673
-9.92938
-6.15004
-10.1631
-8.65636
-9.46062
-10.4729
0.161262
-10.2517
-8.04868
-4.3217
-2.95468
-6.56007
-1.89311
-8.07514
-2.46596
-8.69557
-0.783092
-9.14307
-7.21966
-5.58459
-7.10192
-8.30282
-5.89708
-9.19067
-1.45849
-3.63067
-7.44001
-7.19935
-5.418
-10.2541
-9.48898
-8.03552
-9.49443
-10.6922
-8.21452
-10.0586
-9.94425
-4.57986
-10.6662
-6.87112
-9.49676
-3.10285
-10.4589
-10.6576
-5.35699
-6.62832
-9.57093
-9.77045
-10.6683
-10.259
-6.81169
-10.4011
3.337
-10.4362
-6.58192
-6.19866
-10.5935
-5.40294
-10.6494
-10.644
-10.2295
-0.19143
-9.50568
-5.97235
-4.72409
-0.566689
-10.668
-2.34565
-6.43701
-6.34465
-3.51893
-10.6638
-6.96695
-5.29298
-9.1413
-10.6587
-10.6594
-9.38599
-10.5654
-9.05435
-10.6858
-5.06746
-7.2567
-4.84005
-5.6152
-8.11784
-10.5013
-6.81507
-10.5766
-7.15247
8.0752
-7.8975
-10.5674
-9.05405
-10.6483
-10.5294
-8.13129
-8.16222
-10.6868
-8.08314
-10.3922
-7.31945
-7.79763
-10.1293
-9.01862
-7.40751
-10.6137
-10.5606
-4.48597
-7.04327
-3.29998
-10.6894
-10.6322
-10.5021
-7.43374
-10.6399
-9.33814
-8.6346
-6.46832
-9.67194
-2.17828
-6.58002
-10.6704
-9.19966
-7.69135
-10.6923
-4.90895
-8.23721
-10.5016
-10.6206
-2.94991
-10.168
-0.873848
-2.50984
-2.43273
-10.6262
-7.68961
-7.93373
-10.6835
-10.6915
-7.10145
-10.1202
-9.84141
-6.54695
-10.4868
-9.79362
-10.6733
2.94542
-6.17289
-7.74275
-10.6402
-8.69574
-10.0338
-4.05509
-10.687
-6.37987
-10.6649
-10.4909
-10.5829
-10.1755
-10.6907
-10.5201
-8.66441
-9.6391
-10.6274
-10.6039
-1.98094
-9.60861
-10.4618
-9.92864
1.15324
-7.17217
-10.1025
-10.6803
-9.81271
-8.28997
-9.89209
-4.88767
-3.77625
-0.886685
-10.4675
-10.4886
-9.91859
-8.18276
-10.1049
-10.5884
-7.42467
-10.1623
-7.70674
-8.23918
-7.01667
-10.3521
-10.6785
-6.89811
-10.6696
-10.354
-4.4596
-5.37145
-8.97753
-6.77992
-10.4105
-10.6315
-10.3132
-5.38949
-9.68621
-9.89785
-10.3344
-10.1581
-4.9123
6.32917
-10.6628
-9.76872
-10.6368
-10.1779
-9.34666
-10.4417
-10.5954
-8.48712
-7.45736
-4.89952
-9.28059
-9.34071
-9.93868
-10.6618
-10.6385
-10.6742
-8.86535
-10.3531
-8.17783
-9.15079
-10.4847
-9.37686
-5.4156
-10.6566
-4.90364
-5.29177
-9.73974
-10.6902
-9.15661
-6.2285
-10.6919
-3.52241
-10.6883
-7.4803
-7.73496
-10.0881
-10.5492
-8.22019
-9.51597
-9.87565
-7.9951
-10.2201
-10.6848
-10.5254
-10.4571
-10.6081
-8.67985
-8.91454
-5.99883
-6.25823
-8.81786
-8.96757
-6.99285
-5.22184
-9.29968
-8.93714
-2.64839
7.79896
-10.6647
7.05614
6.46638
-8.92809
-10.4003
-9.38558
-10.6624
-8.08666
-10.5264
-9.05088
-8.42593
-10.6916
1.37559
-10.6905
-7.81837
-4.7382
-1.79399
-9.71625
-10.651
-7.13753
-9.27971
-10.6185
-1.25615
-7.5822
-10.5863
-0.198215
-10.519
-9.60291
-9.12438
-7.20941
-10.6663
-6.34725
-8.22782
-9.83507
-2.41983
-10.3887
-8.27561
-7.7806
-10.6928
-10.6925
-1.07372
-10.674
-6.80639
-10.6757
-7.43672
-10.6897
-4.13426
-9.92411
-5.68053
-5.47191
-10.6242
-8.42873
-5.93072
-10.6924
-10.6927
-1.66352
-9.53871
-9.97554
-10.1237
-6.97438
-8.24811
-10.1413
-8.48826
-4.27846
-5.16028
-6.82068
-10.6793
-7.46921
-9.16529
-5.96793
-9.49523
-8.46291
-5.16601
-10.6456
-7.56284
-10.5816
-10.3723
-4.81191
-10.6914
-10.0487
-4.08274
-10.5857
-10.3617
-4.01044
-9.07367
-7.40201
0.160995
-7.43352
6.44715
-5.87316
-6.75092
-10.689
-10.2146
-10.6366
-7.32765
-4.89493
-8.96233
-9.22054
-2.64759
-10.2576
-10.6363
-10.1791
-10.6762
-10.5037
-10.3804
-10.6925
-9.94124
-9.77506
-8.51858
-10.5097
-9.50541
-7.93196
-5.09931
-10.63
-10.5838
-7.37456
-4.84917
-1.66355
-7.72372
-7.2299
-7.96682
-0.683012
-9.22755
-8.04354
-8.22668
-9.56229
-10.5831
-10.692
0.428196
-10.1978
-10.5295
-10.3506
-10.1172
-8.28322
-9.49802
-10.6715
-8.66724
-7.42492
-1.44503
-3.98635
-9.46192
-7.06455
-10.4355
-3.1767
-8.99265
-1.04154
-1.6647
-10.0587
-10.6414
-7.1404
-0.443519
-10.6868
-1.96869
-10.3889
-5.41845
-7.3699
-9.32029
-10.5625
-7.1922
-7.59943
-6.79252
-10.6236
-10.6676
-9.99497
-4.17223
-10.6472
-10.0653
-9.4273
-8.28349
-0.336163
-4.33088
-9.154
-2.27774
1.46594
1.02984
0.491952
-10.3928
0.178577
-5.35065
-8.90492
-0.833911
-10.6757
-8.17168
-1.65472
-9.71769
3.20756
-3.13909
-3.64654
7.42023
-10.3317
-9.57102
-5.79294
-1.99873
-4.30656
-0.709522
-10.6772
-9.55185
-5.92961
-7.99908
-9.17074
-6.80106
-5.15345
-8.07055
-7.18372
-9.89906
-7.2019
-6.61151
-7.10829
-10.3354
-8.9746
-10.6851
-8.71343
-9.88798
-10.4211
-7.53379
-10.3522
-10.4274
-10.3823
-10.0116
-10.1907
0.845941
-9.27097
-9.16799
-7.66834
-5.46617
-10.1277
-7.34308
-10.6455
-0.167843
-10.684
-10.6908
-9.47859
-10.6106
-6.45078
-10.6898
-8.00053
-6.51185
-8.57873
-8.35237
-6.79677
-10.692
-10.6603
-9.3985
-7.24286
-6.00856
-6.91607
-8.08221
-9.84474
-10.6878
-10.4621
-9.54825
-10.6902
-7.50302
-6.30176
-7.87193
-8.89552
-10.5413
-9.11474
-3.91227
-10.6588
-7.9491
-8.30972
-10.6909
-4.5272
-9.09112
-10.5655
-9.07721
-6.07711
-10.5478
-10.6816
-4.25312
-8.49785
-10.6444
-0.826257
-3.75943
-7.38654
-10.2894
-10.6624
-10.691
-1.2519
-10.2088
-8.01065
-1.07312
-5.59133
-4.37339
-9.79578
0.77172
-6.80537
-9.83503
-6.41726
-9.73017
-5.78145
-9.14374
-7.55169
-4.21781
-9.32731
-3.89255
-8.76717
-7.59334
-4.92142
-9.07218
-2.75548
-8.23434
-10.1624
-9.95816
-10.662
-9.27507
-9.94413
-10.5979
-10.3675
-10.4792
-10.6865
-9.96899
-10.1272
-10.6713
-10.2175
-10.5042
-10.6308
-10.6503
-8.91594
-10.0524
-0.327044
-9.24766
-9.61523
-6.61382
-4.41122
-10.6171
-10.599
-3.66703
-9.31635
-7.68721
-1.7312
-10.6253
-7.85656
-8.82071
-7.82235
-1.66134
-7.03823
-6.54637
-1.57174
-7.74247
-8.57168
-10.5069
-8.71732
-3.78521
-10.4599
-10.5285
-5.77689
-2.30209
-7.28794
-10.1504
-2.31714
-10.6777
-10.5267
-1.75888
-6.5977
-9.3756
-1.64354
0.195805
-10.576
-9.475
-9.63353
-8.57372
-10.5186
-8.88509
-8.23036
-10.6591
-7.26619
-10.6453
-4.7313
-9.94665
-4.90611
-10.1633
-10.4009
-7.95996
-10.5766
-10.1969
-5.78864
-0.857019
-10.1091
-5.96151
-10.5901
-10.6682
-10.6468
-9.93112
-8.43019
-5.89856
-3.77282
-9.93941
-10.3522
-6.93402
-4.87376
-4.24642
-8.11151
-10.1756
-10.6821
-4.67368
-10.667
-9.49345
-10.4663
-5.1802
-5.76742
-8.59156
-9.0438
-7.61456
-10.5272
-10.6662
-1.65527
1.13665
-10.5975
-10.6812
-10.5196
-6.02493
-10.2182
-5.736
-5.89267
-10.6494
-5.69624
-10.3041
-10.586
-10.4334
-10.693
-9.20805
-8.57447
-7.03767
-7.61777
-9.78444
-7.76675
-10.6916
-5.93951
-10.4238
-4.76983
-6.15567
-10.6572
-10.6376
-10.6886
-10.1669
-10.4954
-9.5194
-0.89238
-10.6831
1.60175
-10.6928
-10.6856
-10.6826
-4.70373
-10.0766
-10.5537
-8.57679
-10.2326
-8.59803
-10.3348
-8.76148
-10.3322
-10.6301
-4.75496
-10.322
-4.90868
-10.6167
-10.5858
-10.6925
-8.09299
-5.81067
-5.11098
-10.5085
-8.36964
-9.7865
-8.95888
-4.67948
-1.51358
-10.5818
-8.8816
-4.55974
-4.47645
-4.82794
-8.44461
-10.6853
-6.99326
-10.6925
2.094
-3.64708
-9.58767
-2.05712
-9.65446
-7.04739
-10.6695
-10.1117
-10.6226
-10.6914
-10.1063
-7.5036
-3.20444
-10.4734
-10.2783
-9.2704
-9.40928
-10.2659
-10.6624
-8.30206
-7.10207
-10.109
-0.150326
-10.5484
-3.55258
-7.06752
-0.344554
-8.15649
-7.92314
-5.2193
-10.5732
-3.59945
-10.3319
-7.57058
-10.4583
-9.77853
-9.11658
-7.94431
-10.6118
-8.28632
-9.98137
-0.911396
8.81002
-5.31111
-9.4606
-10.6181
0.044971
-9.04186
-6.22285
-9.00545
-0.690622
-4.89163
-6.22842
-10.3501
1.45405
-10.6287
-10.1412
-7.75998
-8.53383
-9.06232
-8.61684
-10.5941
-9.2612
-9.30573
-8.25738
-8.88971
-9.42726
-10.6888
-10.6051
-4.39701
-10.4025
-10.484
-10.362
-8.74994
-2.65444
-10.6172
-9.75597
-10.4814
-0.731797
-10.5642
-9.62119
-3.55801
-10.6386
-0.887586
-7.40876
-8.93916
-10.2896
-9.03013
-0.309436
-7.80594
-8.49124
-8.26084
-3.84029
-10.4406
-10.6873
-7.14143
-7.12695
-10.6691
-8.27543
-1.77952
-1.17487
-10.1721
-7.68461
-10.6733
-3.01419
-10.6803
-10.6231
-10.2126
-5.77935
-3.83481
-6.94134
-6.78982
-9.03852
-9.10425
-10.5689
-10.1988
-10.6879
-4.67136
-10.6708
-10.4207
-6.58789
-8.15458
-8.51157
-9.98265
-8.50343
-10.6699
-10.3234
-0.403936
-8.80283
-9.56392
-9.98798
-10.6295
-3.68479
-7.17536
-6.03707
-10.6911
-7.66171
-2.34034
-8.28483
-9.05053
-10.4642
-4.88597
-10.661
-9.10722
-8.29057
-7.51978
-8.7827
-8.88659
-3.32058
6.84083
-10.6923
-10.523
-10.4333
-9.72685
-10.0151
-10.6904
-10.5968
-10.4487
-7.00257
-10.5746
-8.3393
-9.70191
-2.52781
-10.545
-9.46999
-6.64072
-10.5975
-8.23837
-8.54988
-5.95694
-9.61825
-8.73892
-9.74344
-10.6085
-10.4812
-10.1981
-10.496
-6.30676
-7.99669
-10.5482
-5.39051
-2.1814
-10.6916
-9.51314
-0.778361
-10.6574
-7.96275
-7.34238
-5.9192
-4.59404
-10.5711
-2.07347
-7.70187
-10.6921
-7.94332
-10.2865
-10.6773
-10.6419
-8.00217
-10.477
-10.6515
-10.6287
-3.14568
-10.6032
-6.04436
-5.49021
-10.16
-8.60088
-8.29854
-10.566
-10.6917
-10.6396
-0.59688
-10.4012
-10.5289
-10.4912
-10.5458
-10.3956
-6.90265
-9.94084
-10.0414
-6.49251
-9.38979
-10.6059
-9.62845
-3.09819
-10.6832
-10.2584
-2.14908
-3.88617
-10.5907
-6.17077
-10.6889
-8.63347
-9.35649
-10.6881
-10.4251
-5.03787
-9.40794
-8.46568
-10.6417
-10.3825
-6.39224
-7.78332
-8.54085
-7.44594
-9.92148
-9.91998
-6.5755
-7.2594
-10.6748
-6.6096
-9.2495
-10.3012
-8.37551
-6.19669
-10.1051
-9.54133
-8.84315
-9.68585
-10.6885
5.65285
-10.6879
-7.17
-5.53303
-5.83859
-10.58
-7.30081
-9.28248
-7.08618
-5.58915
-9.63548
-5.27355
-10.6849
4.17161
-10.648
-10.5608
-7.03913
-9.06504
-10.0153
-10.327
-6.20592
-10.5955
-8.32409
-10.6763
-7.52178
-8.41244
-9.48471
-10.6677
-10.4444
-2.02283
-8.08036
-5.78168
-2.6953
-9.47647
-4.47483
-8.0616
0.153702
-10.6055
-8.99719
-10.6769
-8.09246
-2.02886
-8.91404
-9.89161
-8.60614
-10.6766
-10.6435
-7.23571
-9.2137
-10.377
-10.1448
6.05839
-9.27065
-8.73195
-9.86451
-9.85335
-10.6919
-10.6147
-9.12085
-9.10195
-10.6187
-4.54527
-10.6895
-10.6751
-9.12034
-3.72301
3.14795
-10.4255
-7.33581
-10.6914
-4.39333
-9.3034
-6.57062
-0.114912
-9.5306
-7.71212
-5.75561
-8.14317
-10.6864
-5.68777
-5.73061
-10.6791
-10.5633
-4.46289
-9.63948
-9.89757
3.33565
-9.18672
-7.96625
-10.2992
-8.28014
-6.7445
-1.21319
-10.6762
-8.35721
-8.9658
-9.11308
-9.52253
-10.4302
-2.74953
7.05318
-10.6802
-9.11636
-10.6749
-10.2421
-3.39148
-6.30125
-10.6724
-10.0905
-2.41825
-6.10791
-9.8753
-8.05945
-9.05407
-10.6244
-9.84341
-9.6149
-7.44951
-10.6677
-2.42995
-8.52301
-8.07627
-10.2351
-7.22742
-10.5876
-10.3003
-5.30391
-4.93815
-7.34265
-9.80873
-9.58139
-8.34895
-9.94821
-7.3078
-5.24713
-10.6034
-9.14611
-8.63516
-10.6674
-6.82561
-7.42448
-6.26588
-4.52756
-9.44841
-8.31867
-9.69199
-10.5052
-7.79899
-8.80101
-4.85453
-10.5694
-8.02804
-6.54328
-10.3819
-7.98237
-10.0541
-9.52197
-2.63098
-9.61642
-10.1282
-6.14146
-10.1077
-6.56767
0.576619
-9.16546
-10.6542
-4.12843
-10.5387
1.34517
-9.07948
-3.43715
-2.54021
-7.9908
-10.6892
-10.6562
-4.9996
-7.73755
-7.73151
-10.5047
-2.37711
-10.0011
-10.0815
-8.33028
-7.77898
-9.75166
-9.62206
-5.54223
-10.692
-9.86274
-7.29375
-8.39561
-1.62193
-4.15215
-10.438
-2.74906
-8.66616
-9.38145
-9.47881
-7.8605
-10.2472
-7.2433
-9.62392
-6.22949
-10.4527
-8.47437
4.28759
-5.97646
-10.6648
-9.74698
-10.0215
-10.4676
-10.6773
-7.63858
-9.89842
-10.68
-9.31727
-10.3868
0.012181
-10.4302
-9.35156
-9.17819
-9.87043
-6.30486
-7.27368
2.03063
-7.64743
-9.75808
-10.4004
-4.1744
-8.66588
-10.6906
-10.6851
-10.5495
-10.6164
-9.64003
-9.16536
-10.4868
-10.5475
-1.80354
-9.60423
-10.3635
-9.15419
-10.1133
-10.5747
-9.39308
-6.62481
-10.291
-9.12383
-10.5168
-9.63491
0.150921
-10.4693
-5.27492
-8.89957
-4.56582
-6.34069
-6.94234
-8.16718
-10.6923
-10.567
-9.20507
-6.31023
-10.2715
-7.51312
-9.29381
-9.02823
-7.25653
-9.72485
-7.61984
-1.63009
-9.12113
-7.17777
-1.38403
-6.18583
-8.67785
-3.43687
-10.5478
-4.19296
-10.6131
-10.693
-4.04344
-9.46357
-8.18247
-7.30465
-8.08312
-8.68345
-10.6482
0.154024
-3.72811
-8.58301
-6.08363
-8.80704
-8.45372
-3.84392
-10.6804
-9.64043
-2.91507
-2.97217
-2.24247
-7.39231
-7.41619
-4.83588
-7.7667
-1.71771
-8.54277
9.05857
-8.7305
-6.29142
-9.72302
-7.04477
-8.24488
-10.611
-8.79925
-8.2222
-6.58046
-6.21439
-9.95971
-9.79728
-8.96843
-9.95926
-7.92478
-7.09225
-7.50054
-6.16569
-9.24814
-9.96692
-8.73348
-9.76873
-4.51961
-3.9281
-9.2063
-8.90856
3.73487
-10.6691
-10.2504
-8.51856
-8.61683
-10.5038
-9.55812
-0.535425
-7.66197
-3.72024
-5.67856
-10.2623
-9.39734
-10.6417
-9.09413
-7.41138
-7.69492
-3.43893
-10.6615
-9.20143
-7.40858
-9.27421
-10.3182
-10.0493
-8.95111
-10.0862
-7.34888
-8.47654
-10.6572
-9.81867
-10.5494
-7.45611
-5.11392
-9.19402
-10.4404
-10.685
-7.2404
-9.46746
-5.48716
-8.49243
-5.62711
-10.5353
-7.82485
-9.33156
-10.6728
-10.678
-10.3959
-7.65092
-9.12239
-10.6312
-8.85376
-4.71462
-10.5928
-9.27996
-8.8644
-9.15529
-9.87552
-10.6507
-5.1401
-9.72485
-9.34648
-9.98558
-10.1613
-10.6924
-10.297
-2.57388
-9.28374
-10.6607
-10.1778
6.34025
-10.243
-8.55817
-9.42144
-10.2384
-10.413
-10.4573
-10.4826
-4.43744
-7.91658
3.71193
-10.6176
-8.94735
-1.24268
-10.3474
-8.57559
-8.00977
-9.08601
-10.6385
-7.59434
-6.31803
-3.55735
-7.78353
-10.4531
-5.32459
-9.07824
-1.66143
-9.76338
-8.1152
-10.6868
-6.26508
-7.2576
-7.41042
-10.0161
-10.0713
-10.3697
-5.94808
-10.6715
-1.20681
-10.6792
-6.1291
-2.8966
-9.10997
-10.2928
-10.3047
-3.31601
-10.0784
-7.74982
-7.73649
-7.69038
-9.53614
-5.63058
-10.4854
-10.626
-6.27614
-7.85114
-8.14159
-8.83738
-6.80736
-1.4295
-10.1821
-10.3041
-9.52922
-10.6832
-3.50786
-9.47561
-10.0508
-8.77391
-10.6809
-8.25726
-8.12277
-3.95738
-4.44744
-4.04184
-9.06282
-5.91999
-8.93288
-9.52001
-9.36611
-10.1155
-9.5072
-4.65387
-3.11636
-9.29627
-10.6084
-6.322
-9.2855
-10.693
-10.2177
-0.176205
-7.40796
-3.85826
-7.54159
-10.3983
-10.4597
-7.56778
-8.28797
-9.1055
-10.3692
-7.42991
-6.81002
-7.94446
-7.68248
-7.05096
-10.4406
-8.70638
-8.10056
-8.56483
-9.62773
-8.81303
-10.6928
-9.94251
-10.6873
-10.6129
-10.6681
-10.6437
-10.6464
-2.76152
-9.55819
-8.56927
-8.18032
-10.5836
-8.88706
-9.35948
-8.08991
-10.0756
-5.88269
-9.66841
-1.41184
-6.34811
-7.84029
-8.06589
-8.40568
-10.4432
-6.1638
-9.25854
-10.4976
-10.0136
-10.2295
-10.1204
-9.19073
-9.35596
-10.6521
-10.596
-3.78507
-9.2679
-10.6256
-10.6051
-6.95188
-10.5902
-8.51546
-10.6488
-6.0606
-6.68905
0.075678
-10.3423
-3.98037
-6.5692
-7.69107
-10.6904
-10.6392
-10.6546
-10.6905
-10.5569
-8.29422
3.48916
-2.99922
6.24541
-10.6312
-8.09555
-7.51082
-1.82404
-10.4965
-10.6827
-3.52941
-8.51111
-8.36055
-3.7556
-10.4571
0.056476
-8.63036
-8.41911
-7.91488
-10.6916
-5.0411
-0.169601
-10.5589
-10.5326
-0.527451
-7.87739
3.68292
-10.2368
-10.6926
-4.18117
-2.48661
-7.19788
-10.056
-8.93398
-8.37879
-10.6924
0.630294
-7.89178
-6.79393
-9.29008
-7.49669
-10.3468
-4.52633
-5.28887
-5.00191
0.14618
-10.5018
-7.87845
-9.73771
-7.27406
-3.30515
-7.42565
-10.2501
-10.4523
-10.0694
-7.53728
-6.65129
-10.3877
-7.13245
-10.676
-9.56359
-10.5222
-10.6648
-6.93735
-5.54809
-9.69567
-10.6038
-5.68064
-7.8256
-8.18757
-7.00441
-8.33414
-10.1737
-6.45202
-10.6853
-8.40571
-8.75162
-1.39149
-9.43427
-1.28524
-2.74867
-8.38319
-6.06471
-7.17529
5.54751
-6.52689
-4.55177
-6.39526
-8.48241
-7.1
-10.5199
-7.28687
-1.60991
-10.1273
-10.2772
-10.6582
-10.3015
-8.39754
-10.6651
-8.28707
-8.18794
-10.6659
-7.20637
-10.4489
-10.3893
-7.99209
-3.13229
-8.55819
-5.56609
4.27986
-10.2255
-10.6209
-10.6815
-10.2135
-6.07768
-8.47293
-9.02714
-9.64879
-10.2825
-4.50038
-2.37416
-6.89782
-9.77921
-10.3331
-5.72619
-10.1877
-7.83144
-8.68553
0.989937
-5.12867
-10.5593
-7.00439
-10.6366
-9.28381
-10.6908
-7.86071
-6.49178
-5.47981
-3.25393
-8.4373
-8.1472
-10.6792
-7.40158
-9.17053
-1.4101
1.60821
-7.39572
-9.32218
-10.2031
-5.96737
-10.498
-6.50181
-8.90772
-10.5473
-2.41113
-9.96256
-10.6833
-9.40076
-9.83306
-9.36422
-6.56268
-10.5006
-5.31411
-10.1681
-6.59513
-8.62932
-7.94892
-8.92929
-10.619
-10.1508
-8.61492
-10.5247
-10.5717
-10.6925
-1.85545
-6.72142
-10.6785
-8.01999
-8.07532
-8.44244
-5.85276
-4.43323
-5.72793
-10.6922
-10.3633
-10.6893
-6.31493
-3.53718
-10.5923
-7.54039
-10.6644
-8.15848
-10.5393
-10.528
-9.58795
-10.15
-10.5676
-9.83046
-9.39914
-10.6847
-10.4688
-3.79372
-10.5395
-9.824
-4.7722
-10.2846
-7.81845
-6.43455
-4.33366
-10.3829
-9.25512
-8.61336
-8.89638
-10.3718
-7.70266
-6.19978
-7.93761
-10.4823
-8.1005
-8.31876
-3.27829
-10.692
-9.19485
-2.45306
-10.6451
-10.632
-10.5691
-9.23624
-9.17613
-0.504487
-9.41489
-10.6603
-10.683
-10.3589
-5.07328
-10.6265
-5.93594
-7.65019
-10.6709
-10.417
-10.3958
-6.36558
-10.6665
-10.6392
-9.41099
-9.16445
-10.6918
-9.90169
-2.27724
-9.51788
-7.22345
-7.11771
-9.11066
-7.21809
-9.3025
-8.62138
-4.20625
-0.485048
-8.58219
-6.69638
-5.49915
-7.98445
-7.75421
-8.32126
-8.78969
-5.66688
-8.9887
-10.2131
-8.83819
-7.59815
-5.37364
-5.29661
-4.64771
-10.601
-8.96641
-4.0195
-9.67791
-9.55871
-8.47674
-10.4772
-7.7049
-7.78359
-10.6859
-10.4114
-6.01539
-8.94295
-10.0328
-7.12779
-8.3127
-10.5797
-4.12331
-6.21757
-3.6814
-6.31607
-10.4426
-9.60183
-8.36321
-8.61213
-9.49381
-7.97476
-9.50225
-8.31823
-7.43241
-4.90963
-9.68883
-10.6914
-7.01551
-7.51988
-2.70201
-5.31264
1.33177
-8.08717
2.95559
-8.71663
-3.20373
-6.6089
-8.96136
-10.6148
3.13192
4.80125
-5.83182
-8.55424
-5.48483
-9.08208
-10.4978
-10.6684
-6.10535
-8.07808
-2.02074
-9.39258
-4.7066
-9.56918
-9.54858
-10.6286
-10.1473
-10.3607
-6.79104
-10.6909
-9.35933
-9.59545
-10.3822
-2.91478
-10.5844
-9.2926
-10.4222
-10.3205
6.2565
-10.5806
-9.68835
-7.49524
-8.57311
-10.6664
-10.0271
-2.39173
-7.72634
-4.52513
-6.25115
-10.0404
-7.31565
-10.5456
-6.74527
-10.5997
3.57745
-10.6761
-8.91176
-9.9875
-9.73018
-8.10003
-10.5102
-10.1225
-6.59446
-9.89686
-10.5031
-9.14938
-10.6744
-10.6266
-9.83508
-10.6731
-2.73184
-5.24676
-10.6919
3.5406
4.82187
-5.385
-6.91573
-10.6926
-6.74329
9.89392
-4.12323
2.32937
-0.459248
-10.6667
-9.72893
-10.6677
-10.6802
-6.80181
-10.6928
-6.09068
-5.82415
-10.4708
-9.04211
-10.6906
-7.99142
-10.0623
-10.0019
-7.93273
-1.00514
-5.60575
-6.07508
-10.5468
-7.0968
-10.2972
-10.6851
-10.6431
-10.5355
-7.35691
-9.54322
-10.6729
-6.23698
24.0306
-10.6795
-7.25866
-10.5262
-8.77361
-8.31942
-9.37976
-8.02333
-9.98279
-10.6929
-10.5425
-10.6193
-10.693
-10.0029
27.1386
-10.2678
-10.5511
-10.2067
-9.97147
28.2184
28.6099
27.6148
28.1477
28.165
28.5006
-4.01934
-6.8651
-9.46041
-10.6692
-9.98756
-10.6765
-10.4884
-10.6794
-8.50351
-10.6889
-10.6756
-7.61485
-7.61403
-7.56674
-9.04648
-8.40364
-7.15245
-0.967239
-7.98261
-10.329
-6.6827
-9.79527
-9.10567
-7.81167
-6.98334
-6.27051
-8.54168
-4.70449
-8.36056
-8.67094
-4.02812
-9.44328
-7.48047
-6.85835
-7.59045
-7.6084
-10.5149
-9.51015
-7.35449
-9.4723
-9.75639
-10.377
-8.42908
-10.5969
-7.56193
-5.49347
-10.5177
-10.6844
1.05021
-8.11468
-8.57817
-6.83521
-10.6438
-10.3341
-2.18194
-10.5366
-9.07236
-10.1404
-9.6753
-9.30438
-10.4814
-6.57373
-10.6862
-5.10116
-8.01469
-10.3867
-0.764505
-8.62413
-4.23548
-10.6814
-8.64471
-10.4103
-10.6396
2.3749
-8.75628
-6.18256
-4.67584
-8.9729
-10.4498
-9.24447
-8.5397
-10.6837
-4.70787
-9.99002
-9.4279
-9.20711
-8.3722
-7.02209
-6.34792
-9.2767
-4.24231
-5.08057
-10.4486
-10.6903
-6.37165
-8.62035
-9.37619
-10.4668
-2.86536
-10.5335
-6.04551
-10.1961
-10.6163
-4.02494
-8.1123
-6.32712
-3.17921
-9.59348
-10.5778
-10.432
-10.6931
-10.6778
-5.30138
-7.53389
-6.19555
-5.99351
-8.02572
-10.6122
-7.40403
-7.03285
-10.1072
0.682374
-10.5967
-10.4849
-10.6201
-7.58472
-4.4281
-3.86679
-9.89209
-8.28072
-3.56282
-9.09092
-10.6689
-10.035
-6.20529
-7.09131
-8.77878
-8.02932
-8.28645
-9.63555
-3.30955
-1.35961
-9.24674
-10.4601
-10.6306
-10.57
-7.9148
-9.91386
-9.40615
-4.97807
-10.6886
-2.36083
-8.83772
-6.69555
-4.02931
-4.65273
-10.4531
-5.32763
-7.18274
-10.6559
-6.41618
-6.83564
-4.65118
-10.4685
-3.50572
-10.6905
-10.652
-8.47419
-10.1781
-6.59298
-6.32687
-7.54757
-10.3227
-10.5464
-0.248289
-10.1294
-5.97336
-9.36546
-8.60323
-2.87212
-5.1436
-10.6724
-9.10564
-10.1758
-8.1468
0.175626
-7.45374
-10.5939
-10.6438
-6.18185
-10.6905
-10.4161
-10.3203
-9.47418
-7.10644
-10.3757
-10.5815
-10.6828
-8.03264
-8.95717
-10.6525
-6.29745
-9.49723
-1.06526
-9.857
-6.73056
-10.041
-1.55523
-9.65468
-8.23837
-1.66315
-9.61144
6.72921
-8.84369
-9.22058
-5.46183
-10.6063
1.06024
-10.6711
-9.91868
-9.2365
-9.24932
-7.20158
-5.73795
-4.27583
-10.2897
-6.1966
-3.6174
-8.59003
-7.29036
-10.5912
-10.5783
-10.1462
-2.54644
-9.21713
-10.1236
-1.21218
0.5608
0.580843
-6.72436
-10.427
-5.40363
-8.10013
-10.6185
-10.658
-4.87932
-3.7617
-10.6481
-10.6646
-9.29544
-10.0527
-10.4349
-9.3836
-10.6344
-10.4444
-9.97991
-10.4594
-10.6493
-6.51788
-10.6605
-9.53348
-8.92339
-7.09764
-9.776
-2.1683
-10.4016
-7.85484
-10.2924
-5.38948
-5.64097
-8.82584
-8.8717
-10.6802
-10.6863
-1.80167
-7.20907
-10.5281
-10.4371
-10.4328
-10.6894
-9.20166
-7.59278
-8.86625
-7.82067
-10.3341
-10.2718
-10.6852
-9.22733
-3.30488
-8.66082
-10.4777
-10.3825
-8.21438
-6.38965
-10.6849
-9.00932
-10.6609
-5.86312
-5.19611
-10.6758
-10.3085
-9.95519
-10.2485
-8.51683
-7.8675
-6.98444
-6.79033
0.376493
-10.6464
-8.86429
-10.6931
-10.6928
-10.2346
-10.6917
-9.83267
-10.6921
-10.5891
-10.0211
-10.2891
-9.63531
-0.443788
-10.6192
-10.1149
2.04117
-2.27146
-10.6926
-10.6892
-10.6342
0.620512
0.002101
-10.682
-10.6401
-10.6922
-6.09769
-10.5898
-9.24441
-10.4032
-8.7566
-10.6848
-1.16206
-10.685
-7.51938
-7.76039
-10.6923
-10.6908
-10.683
-3.38069
-10.6522
-6.11738
-4.34753
-10.6656
-0.894799
-10.0833
-9.74044
-1.45831
-6.82562
-7.69571
-10.53
-10.5946
-2.53195
-10.1928
-7.45724
-4.6386
1.05152
-7.30191
-10.4611
-10.1592
-10.5418
-3.75253
-10.3393
-6.60015
-9.47084
-8.84687
-3.2732
-10.5113
-7.32932
4.42783
-10.1907
-9.22334
-9.58673
0.302353
-10.6517
-5.66944
-9.1374
-9.29862
-1.68263
-9.89997
-10.607
-10.5214
-10.6816
-8.94731
-7.0777
-9.67075
-9.56132
-10.2507
-8.8025
-10.6656
-10.1448
-10.6446
-10.1336
-10.0005
-9.89678
-9.73302
-10.692
-10.3859
-10.6722
-8.40579
-10.4495
-10.5567
-8.61638
-2.51503
-10.6812
-3.99536
-9.74055
-10.4252
-3.43594
-10.4381
-6.46492
-9.09234
-6.75612
-8.52236
-10.6764
-6.88634
0.208096
-3.49785
-7.46639
-7.39073
-0.402956
-6.97307
-9.25349
-10.0935
-10.5904
-10.6817
-10.6626
-7.84309
-10.0067
-10.5072
-8.86027
-3.41393
-2.74418
-10.2738
-9.31598
-10.6887
-10.6706
-10.6171
-10.6906
-10.085
-10.6522
-0.468126
-2.81018
-4.75375
-6.37924
-10.6856
-7.70893
-6.88431
-10.2682
-9.17506
-5.2881
-8.88822
2.83763
-8.74564
-9.07507
-9.66105
-6.93544
-8.51225
-8.89688
-0.07508
-10.6626
-3.17294
-7.85252
-3.9559
-10.6818
-0.460799
-7.27874
-9.65832
2.72342
-10.6885
-8.27248
-10.4316
-9.72166
-10.688
-8.2197
-10.6839
-10.6689
-10.1978
-2.68899
-8.69896
-10.3634
-8.147
-1.39696
6.25002
-10.4633
-9.1946
-10.1481
-7.07445
-6.742
-10.0187
-9.9144
-8.89668
-4.04722
-10.6411
-6.18437
-7.68992
-9.50792
-10.6803
-8.9176
-7.92222
-10.5919
-10.4773
-1.07298
-3.43644
-4.35645
-6.00882
-9.18683
-10.4274
-4.89827
-6.00092
-2.61008
-10.046
-10.6194
-10.344
-8.44881
-7.69654
-0.903889
-7.86032
-2.15779
-0.65643
-9.90738
-10.0827
-9.33028
-7.54393
-10.6651
-10.3447
-7.29274
-7.71826
-10.277
-10.693
-8.07047
-6.64095
-9.59023
-9.34891
-9.40879
-6.98183
0.302783
-2.71089
-6.63543
-2.3689
-9.91895
-6.04614
-1.88176
-10.1345
-8.5173
-7.25814
-6.3394
-10.6893
-9.4938
-4.44656
-6.12239
-9.6817
-4.42359
-3.45084
-6.56378
-5.91163
-4.05157
-2.9196
-8.00167
-10.445
-6.91513
-7.21635
-9.79724
-10.6914
-10.465
-7.16387
-1.93597
-10.0395
-9.48569
0.652873
-10.5277
-7.98478
-10.6739
-8.46897
-9.85932
-10.3874
-8.91686
-9.09695
-9.83076
-5.18823
-10.6769
-8.69325
-10.6886
-9.66706
-7.66805
-9.29055
-9.31286
-7.68591
-10.3749
-8.02807
-8.99793
-10.6879
-10.6324
-6.16432
-10.403
-7.68126
-10.4515
-2.84875
-10.6764
-9.94074
-10.6569
-7.39222
-0.456787
-9.97515
-8.82583
-10.6823
-8.24973
-0.491094
-0.178727
1.56647
-9.82485
-10.4161
-10.5487
-6.57585
-9.22182
-7.68053
-9.7225
-9.9727
-4.85664
-7.75405
-9.11598
-3.02921
-6.98946
-8.26531
-8.08667
-0.477181
-5.07537
-10.6162
-8.95126
-2.0636
-8.85548
-10.567
-7.3137
-7.31505
-10.1106
-7.87393
-10.3714
-5.52468
-5.71211
-5.57327
-7.54335
-10.4933
-8.87723
-5.11256
-4.43554
0.684736
-5.80968
-10.5143
-4.56418
-1.74386
-3.67739
-5.02754
-4.85509
-9.34145
-10.3119
-6.63951
-9.01439
-8.53222
-8.94936
-7.59512
-6.70715
-8.99625
-9.36545
-10.6211
-1.55355
-9.50446
-10.3668
-6.64747
-5.95018
-1.04644
-8.70561
-10.2954
-10.6565
-10.6385
-0.545452
-7.77076
-10.6075
-6.69809
-10.6917
-2.19831
-8.5938
-10.6417
-2.45144
-4.48262
-10.4485
-7.76717
-10.5515
-10.691
-10.3612
-10.689
3.26019
5.96835
-2.07196
-2.93225
-8.16361
-10.1223
-10.4086
-7.88912
-9.87255
-10.1603
-6.33474
-7.92973
-9.34836
-10.6329
-9.38137
-10.6858
-7.32286
-5.67643
-8.03744
5.21108
-6.10869
-5.71446
-10.6491
-10.464
5.06972
-6.25203
-10.3374
-10.3119
-10.4379
21.7283
-7.6131
-3.13145
-6.38703
-7.87253
-7.95581
-10.0903
-10.5248
-1.28492
-7.64666
-5.13478
-10.6827
-10.2119
-8.69812
-1.19304
-9.18462
-9.21224
-3.79415
-8.97015
-10.5289
-10.6088
-8.51479
-9.73883
-10.0598
-7.78078
-10.1978
-0.434992
-10.6733
-8.98985
-5.93995
-5.24295
-10.6308
-10.6246
-10.0036
-10.6475
-6.77493
3.01953
-10.4643
-10.5791
-9.1818
-6.81465
-10.3109
-8.74094
-5.48161
-7.10197
-8.55317
-10.397
-6.63316
-8.78557
0.721389
-8.53902
-2.0174
-4.0984
-5.70959
-9.99754
-8.68166
-7.5516
-10.6781
-10.2781
-1.11138
-5.74264
-7.40697
-8.82903
-5.88356
-9.98273
-10.6513
-9.58674
-8.31774
-2.36512
-8.2407
-9.42053
-9.21728
-10.5882
-9.87144
-9.959
-9.9635
-7.95773
-10.6929
-9.65364
-9.6624
-4.79217
-2.32185
-10.3669
-10.5823
-1.32646
-9.95867
-7.3204
-10.6841
-8.76894
-5.63244
-9.49151
-10.5463
-6.32977
-8.08847
-10.6539
-9.33774
-8.07078
-10.6887
-9.29073
-4.85714
-0.924219
-6.92945
-7.8997
-10.6344
-0.648587
-5.69918
-3.9237
-9.61141
-10.4561
-10.0153
-9.19695
-6.55304
-10.1406
-6.00004
-10.2855
-10.6404
-9.5796
-10.0829
-8.97197
-10.6493
-1.42194
-7.48151
-10.6919
-10.4078
-9.10993
-10.6442
-6.81373
-5.67095
-0.820102
-6.38974
-9.34528
-4.12072
-8.2987
-10.244
-9.89509
-6.77097
-10.6799
-1.12557
-10.4027
-5.44187
-8.25525
-8.69964
-9.80463
-7.35087
-10.6232
-10.6336
-3.3525
-10.5602
-5.71049
-8.62819
-8.70852
-8.06486
-10.1455
-9.19636
-9.62163
-9.58053
-10.0712
-4.07991
-8.3115
-10.0986
-9.24172
-10.4619
-10.647
-9.55923
-9.36767
-8.95393
-8.85817
-6.20258
-9.63773
-7.44889
-1.79366
-3.39029
-10.6781
-7.6217
-10.5728
-10.6906
-10.579
-7.17424
-8.68439
-9.02311
-10.2908
-3.01665
-10.5829
-9.87928
-10.6165
-9.91723
-10.6771
-7.50706
-9.61128
-9.46083
-6.10705
-10.3813
-9.76947
-6.14793
-9.88008
-10.6248
-10.3548
0.260679
-9.16973
-10.6927
-6.0741
-7.01641
-6.87315
-2.50605
-9.81134
-9.55385
-0.886264
-10.6089
-10.4653
-10.5144
-10.0888
-8.71758
-9.80094
-7.4719
-4.12321
-1.36168
-2.40902
-7.09345
-9.39465
-10.3732
-9.80804
-10.6643
-10.2638
-10.6719
-10.2886
-9.67459
-10.0396
-9.74997
-10.0571
-10.5816
-10.6905
-9.50713
-10.6839
-10.5825
-8.76851
-10.1972
-2.56109
-10.6798
-10.098
-8.29846
-9.09277
-9.9991
-6.87026
-7.33659
-0.055343
-7.55154
-7.72614
-8.23022
-5.8052
-9.32794
-10.5653
-10.5919
-9.88699
-9.98873
-7.26882
-8.14253
-10.283
-9.7685
-7.08162
-8.59001
-6.18298
-9.67215
-4.9815
-9.83393
-10.6679
-10.4194
-10.6801
-9.45596
-10.6918
-9.77295
-9.34507
-10.6863
-10.6699
-1.66438
-10.6816
-8.23465
-8.50455
-10.6044
-5.19556
-10.6078
-8.50078
-7.47058
-6.55696
-10.6921
-0.364831
-9.83711
-4.56438
-7.74038
-9.51659
-2.97377
-7.74032
-10.1564
-10.2326
-8.41561
-10.5368
-10.6125
-6.0351
-3.05944
-10.5227
-5.49493
-8.54588
-3.88422
-10.6906
-9.63686
-7.38048
-3.41163
-8.30046
-8.98827
-9.6885
-10.4141
-9.94742
-10.604
-6.44051
-10.6757
-9.55946
-10.6512
-5.55145
-10.6355
-8.85515
8.13798
-10.2918
-9.98297
-7.02043
-10.5092
-6.23684
-0.529508
-10.6921
-10.1607
-10.174
-10.6635
-10.6492
-10.6678
-8.26475
-0.179214
-10.6407
-10.6896
-5.56122
-10.3911
-7.09747
-10.5688
-7.22207
-9.91342
-7.98902
-6.84301
-5.88076
-8.45524
-2.84071
-5.55869
-9.38082
-9.07546
-9.96148
-9.58273
-10.651
-8.69147
-10.5238
-9.78492
-10.6157
-9.20384
-10.5867
-2.65933
-10.5153
-4.20794
-7.41194
-10.5213
-10.6385
-8.9637
-9.08667
-10.5871
-5.86325
-5.54992
-10.6923
-8.74422
-9.87813
-7.90515
-10.2988
-3.5458
-10.6835
-9.56432
-10.6108
-10.2829
0.435458
-10.4939
-9.76994
-4.08097
-10.608
-10.5761
-5.86453
-7.44798
-10.0919
-7.56055
-8.15475
-9.69589
-2.23133
-3.78263
-7.22216
3.3196
-10.0115
-10.5617
-9.24426
-10.6623
-0.691462
-6.44278
-10.0757
-4.74462
-10.6919
-9.92003
2.27977
-10.6722
-7.77361
-0.676772
-10.1867
-4.03525
-8.7459
-10.3582
-8.30422
-8.55955
-10.4745
-8.93498
-9.76048
-3.38641
-10.6924
-9.79346
-7.73579
-9.51783
-2.61562
4.83277
8.46504
-10.4034
-7.99412
-5.76591
-8.29911
-10.6748
-3.50508
-6.26494
-10.6772
-7.84325
-5.51708
-8.60357
-6.9595
-10.558
-7.54264
-5.55096
-2.978
-7.96024
8.68883
-10.6137
-5.11411
-10.5979
-10.3704
-10.215
-8.04921
-10.1242
-10.6828
-9.32131
-9.94112
-10.1642
-5.35621
-10.5587
-10.683
-7.16998
-5.81581
-10.3477
-10.6065
-7.2911
-9.00605
-9.13985
-10.6621
-8.90555
-6.96384
-10.1399
-8.04758
-5.31365
-10.5164
-10.6925
-10.6228
-8.58949
-4.14372
-0.704936
-8.68378
-7.81619
-8.12179
-8.24969
-10.1481
-10.6657
-10.4399
-5.09383
-10.5571
-8.87053
-10.1655
-6.71333
-10.692
-10.425
-10.4831
-8.25335
-8.49522
-8.74743
-10.6521
-9.80616
-10.6465
-5.37333
-10.1985
-3.53787
-9.76548
-5.52115
-7.89337
-9.39022
-8.01848
-3.69744
-2.86711
-9.10456
-7.77846
-10.5709
-8.64676
-10.6853
-10.5449
-7.96418
-9.82194
-10.6215
-10.282
-3.79644
-9.83571
-6.1902
-9.99124
-10.6869
-7.5617
-4.55142
-9.21641
-3.7206
-0.947032
-2.48651
-5.05728
-10.6515
-7.70142
-7.1492
-10.5276
-10.425
-10.1474
-8.43735
-7.83011
-4.95169
-0.121737
-10.6082
-10.4646
-10.5888
0.202977
-10.6065
-8.38296
-10.3289
-10.1858
-6.94587
8.71582
-10.4904
-10.657
-8.94787
-2.90457
-9.44789
-10.3482
-10.6014
-10.1075
-8.9076
-9.44586
-9.25469
-9.90024
-10.6636
-9.43789
-10.6644
-8.9836
-4.74097
-2.68913
-5.35612
-7.66671
-9.92239
-2.79348
-8.98295
-1.87915
-10.6355
-10.176
-8.50998
-0.543073
-9.42031
-8.90391
-8.992
-8.0326
1.99175
-10.6765
-6.27998
-5.62995
-9.09415
-9.09195
-8.77307
-9.64172
-7.60087
-10.0785
-9.9105
-10.6886
-10.3791
-10.6219
-5.34957
-8.44619
-7.15144
-9.38775
-7.78133
-9.76892
-10.2769
-9.66985
-9.76355
1.8723
-6.19461
-8.82271
-6.55969
-10.6791
-3.1062
-10.0961
-7.89912
-9.26031
2.68036
-9.0698
-9.53149
-2.16387
-8.79688
-8.18247
-2.32423
-10.5674
-10.3056
-10.3897
-8.03699
-9.97596
-5.99072
-1.60995
-10.613
-8.58075
-4.30936
-8.53601
-10.4296
-9.21148
-10.572
-2.32906
-10.0664
-0.752124
-3.12719
-10.3931
-10.0494
-9.58804
-2.11311
-6.48605
-7.46311
-9.5452
-6.57918
-10.6895
-7.49073
-9.54489
-10.6928
-10.0049
-10.616
-8.56281
-10.6838
-10.5769
-3.99934
-10.0475
-6.84814
-9.91419
-9.70975
-2.10844
-6.47649
-10.2047
-10.6893
-10.3998
-10.1322
-10.1216
-10.3289
-5.98812
-10.5932
-5.95595
-10.3142
-0.68591
-7.68301
-8.8664
-7.59735
-9.63853
-10.1004
-6.80328
-9.26422
-4.82965
-6.21981
-5.18196
-8.67345
-10.4289
-9.57191
-10.4324
-10.2145
-10.6817
-10.0472
-10.6126
-10.6877
-10.6894
-10.408
-10.6907
-9.37867
-10.0548
-10.643
7.25652
-10.6526
-10.6479
-10.0935
-10.6026
-8.88768
-5.90535
-8.84211
-10.5358
8.73568
4.76144
5.29335
7.87209
9.16968
-10.1602
-4.31969
-10.6071
-5.91738
-10.68
-10.4456
-10.6914
-10.6922
-7.21089
-6.24564
-7.21848
-7.7264
-7.24385
-10.5301
-10.6835
-9.07717
0.722123
-9.31973
-8.68457
-10.2783
-7.02531
-10.6878
-1.52505
-7.45917
-2.91141
-9.05829
-9.88045
-10.4599
-2.0012
-7.82911
-7.62765
-4.75711
-5.48487
-10.6911
-10.6377
-8.89931
-10.4289
-7.42544
-8.03908
-8.81263
-10.6614
-4.33563
-7.88048
0.194853
-5.04831
-10.2299
-10.6718
-6.55909
-10.3605
-9.42048
-10.4861
-10.6903
-10.684
-10.6308
-5.68679
-10.6625
-6.22426
-10.6922
-10.6856
-10.182
-9.6407
-8.34022
-10.625
-7.77152
-10.6425
5.2626
-10.6924
-4.60611
-3.38914
-10.6427
-9.61246
-6.6876
3.65626
-6.16783
-9.21255
-10.0623
-5.77956
-7.00408
-10.4908
-10.524
-8.21377
-9.93864
-8.61957
-2.27455
-10.6552
-10.5341
-10.6915
-9.89247
-10.6916
-10.6916
-10.4163
-10.6916
-10.416
-9.01984
-10.6742
-10.6398
-10.6891
-10.3672
-8.1786
-8.88712
-10.2719
-2.01496
-8.44886
-6.1087
-9.51272
-7.08147
-5.83536
-10.205
-7.72235
-7.47967
-6.9576
-9.65112
-0.646027
-10.6717
-6.21058
-8.46497
-10.3316
-10.58
-10.1761
-10.6525
-3.15553
-9.50651
-5.84477
-10.1172
-9.92235
0.484221
-4.96409
-9.78953
-8.61098
-10.6082
-8.79557
-4.16572
-10.4365
-7.47998
-9.09525
-10.4321
-9.22857
-9.47166
-5.10366
-9.84915
-6.70716
-9.27241
-10.4449
-10.0201
-2.25207
-7.15516
-4.26111
-7.27502
-6.58977
-0.833787
-6.67838
-3.54016
-10.5223
-10.4591
-10.62
-2.26695
-9.7185
-10.0362
-10.6828
-10.3577
-9.6075
-10.0704
-9.0905
-9.22729
-7.30363
-10.1326
-10.6767
-10.023
-8.943
-10.4552
-7.74436
-7.21517
-8.89741
-10.3759
-8.90053
-9.23896
-10.6503
-5.3793
-10.6907
-6.57681
-6.04435
-9.53421
-8.71916
-10.6344
-8.56936
-9.43772
-5.31591
-8.11937
-10.658
-9.29218
-6.76812
-6.41051
-9.73746
-3.8718
-10.6379
-7.95287
-5.07643
-5.55531
-10.0594
-9.4588
-9.90936
-9.23798
-6.82764
-7.83745
-5.35269
-8.0071
-10.5563
-5.75805
-4.31064
-6.73117
-10.4708
-5.86697
-7.1082
-6.84714
-8.39492
-8.85623
-10.2824
-8.00099
-9.26714
-9.71096
-10.4335
-8.9214
-8.96667
-3.53273
-10.4322
-10.4683
-8.01306
-10.693
-10.5788
-8.64433
-2.21867
-10.6911
-1.16814
-9.70101
-9.49482
-8.11107
-9.68132
-9.05472
-7.92328
-10.6868
5.14904
-7.31663
-9.19412
-10.4675
-1.94176
2.55396
-4.77061
6.57309
-9.10343
-10.5418
-10.1804
-8.3155
-10.6828
-1.03746
-10.3751
-5.00794
-10.6896
-10.4507
-4.21804
-10.4887
-3.58017
-9.83018
-10.6756
-10.6908
-8.15215
-9.16265
-9.48197
-6.63718
-10.2877
-4.50725
-10.6022
-10.5922
-7.68776
-10.1618
-7.43939
-10.3874
-7.39526
-7.92837
-5.8809
-10.5041
-7.39448
-5.81752
-7.86524
-10.6836
-9.41241
-8.61653
-10.692
-9.73027
-10.1041
-7.70034
-8.01885
-10.4048
-10.3866
-10.3255
-9.5883
-8.22139
-5.55863
-5.77361
-3.00571
-10.2758
-9.48287
-10.174
-10.6727
-9.02918
-5.9685
-10.6303
-10.2256
-6.19288
-8.71117
-8.11047
-4.94713
2.9835
-10.1185
-10.1499
-4.89879
-10.1835
-7.63728
-10.6773
-10.6856
-10.4882
-10.1842
-10.3842
-10.6071
-9.96638
-10.6548
-10.6482
-8.80234
-10.6879
-10.1294
-9.92401
-9.48386
-9.83013
-8.91172
-4.26967
-9.86529
-5.96872
-1.71622
-10.1072
-7.89456
-5.03771
-9.22152
-3.02507
-6.71828
-1.93899
-3.82795
-10.6921
-9.38972
-9.22946
-5.27853
-5.36165
-7.30373
-8.60119
-8.10111
-9.07062
-7.34101
-7.20026
-4.05485
-10.5039
-7.65498
-9.01685
-7.81779
-10.6189
-10.6055
-6.16032
-10.5062
-10.4248
-8.08127
-10.6791
-6.88135
-10.6765
-9.61338
-7.89835
-6.16571
-6.84938
-10.6892
-7.76197
-10.6793
-7.82795
-9.46384
-4.8727
-10.6792
-9.48587
-6.94159
-10.568
-10.6766
0.178262
-8.98926
-8.69859
-3.97003
-10.3079
-9.22732
-8.33031
-10.2053
-9.058
-4.47476
-10.6832
-6.56787
-9.80808
-9.98632
-10.0816
-3.62895
-9.05174
-9.99675
-10.2162
-8.62423
-8.43803
-9.11962
-10.6931
5.56464
-1.5034
-5.66815
-2.46327
-5.88826
-0.225003
-7.05061
-8.45448
2.55546
-6.57709
-10.4902
-10.5375
-4.50739
-10.6921
-2.77001
-10.6751
-10.5206
-10.4201
-7.36918
-10.2589
-10.194
-10.6929
-8.39181
-10.5095
-10.6384
-10.4306
-10.6902
-10.6313
-8.4366
-10.6916
-10.5207
-10.6874
-4.18662
-10.4502
-3.09142
-7.73838
-6.82942
-4.38041
-6.76875
-9.78964
-8.00427
-8.57583
-0.882215
-7.44836
-7.32194
-9.84317
-7.61649
-2.73856
-6.50921
-7.58585
-7.28227
-1.57628
-8.75423
-9.29502
-10.6735
-6.61825
-9.98133
-1.02221
-3.22794
-5.61253
-0.054098
-9.78257
-4.97343
-10.565
-5.11784
-10.5622
-9.82295
-10.2745
-10.6582
-6.69462
-10.6931
-8.73274
-9.44999
5.03991
-8.72048
-10.0714
-10.5512
-8.7925
-10.6779
-3.81215
0.782495
-8.74887
-8.16404
-6.23186
-3.76063
-5.09141
1.36597
-9.13202
-9.12516
0.971349
1.12994
-10.6229
-10.0768
-10.4715
7.74207
7.50781
-10.5546
5.66468
-9.07571
-6.02732
5.35741
0.941519
2.94859
4.31414
-9.00385
8.19897
-10.6733
9.07027
-9.54577
-10.0529
-10.4648
-10.4769
-4.74601
-9.07991
-5.97032
-10.665
-10.6558
-10.3862
-9.99954
-10.1937
-6.75091
-8.07003
-10.5249
-9.99339
-5.34738
-10.0066
-10.4796
-7.86775
-8.7632
-7.63896
-10.2954
-10.5818
-4.77648
-10.0759
-2.29473
-10.1574
-10.2844
-9.97996
-7.52318
-10.4661
-5.8098
-4.93915
-10.663
-10.6662
-10.4423
-10.6912
-9.29421
-6.29582
-10.4195
-8.19479
-9.62097
-5.44386
-8.62636
-9.57838
-10.3457
-5.27473
-10.508
-6.28926
-10.6347
-6.53362
-8.83113
-3.1593
-6.3256
-10.0072
-10.5701
-3.61207
-7.63217
-9.54202
-8.12488
-9.87272
-9.20501
-9.63901
-10.3079
-3.9426
-5.62032
-10.5811
-8.5673
-10.0539
-10.6143
-8.50216
-10.6658
-6.3912
-10.6909
-10.0913
-6.46528
-7.45286
-7.7214
-10.4516
-9.58043
-10.5899
-8.85496
-5.41499
-9.60438
-8.15685
-4.93072
-9.81736
-8.69451
-8.51158
-10.233
-10.473
-10.6699
-7.00293
-9.57862
-4.32474
-8.36173
-6.74824
-10.2522
-4.84698
-10.6922
-10.2499
-7.53557
-8.77815
-6.96831
-9.60099
-7.38339
-10.6279
-9.81235
-10.5159
-9.03832
-4.05163
-3.14841
-4.81265
-10.6915
-8.03222
-10.6651
-9.86426
-8.2515
-10.69
-10.6106
-10.0552
-10.3474
-10.0469
-10.0719
-9.0222
-10.6639
-10.3264
-9.87937
-10.1638
-8.19921
-9.41287
-8.03384
0.095911
-7.31507
-10.6437
-10.6255
-7.85927
-10.6267
-10.6311
-0.647648
-8.38615
-10.4809
-6.11042
-8.98095
-9.83362
-10.6587
-3.3377
-8.22035
-7.76706
-6.66317
-10.6921
-9.89849
-10.3776
-10.6509
-9.15842
-10.3257
-10.2661
-10.5576
-8.86374
-9.61213
-10.6816
-9.95166
-7.5947
-10.6764
-10.5085
-10.1892
-10.6496
-10.4748
-10.4374
-9.81469
-10.584
-10.6329
-10.562
-10.5031
-10.5795
-9.51993
-10.569
-10.5339
-10.5801
-10.529
-10.6916
-10.6689
-10.6241
-10.6929
-8.64364
-5.17697
-10.5877
-10.5699
-9.51598
-6.85753
-8.66244
-7.70154
-10.6728
-7.22937
-8.31232
-7.90956
-6.63757
-10.2315
-10.5457
-7.48897
-10.5214
-9.7762
-2.72487
-10.5371
-7.69106
-6.19641
-5.90099
-4.10917
-1.82098
-7.78601
1.17093
-10.3206
-8.00183
-10.6674
-8.5261
-8.64635
-7.16115
-8.64814
6.24482
-10.431
-8.59913
-7.17556
-8.66444
-10.6347
-1.58527
-10.3601
-10.6929
-3.65095
-10.1307
-0.861882
-10.3263
-10.6773
-9.92941
-9.45824
-0.024004
-10.6109
-7.79458
-9.52722
-9.34634
-10.0095
-10.4319
-5.92781
-10.2328
-9.11824
-9.20907
-7.59073
-7.62938
-5.89083
-3.76307
-10.6816
-2.42407
-7.05626
-10.0574
-10.3017
-6.92951
-8.52937
-8.8363
-10.3741
-6.24181
-8.21607
-8.6785
-9.5377
-6.9632
-3.05711
-8.24385
-5.60558
-4.61375
0.034437
0.351627
-10.6564
-10.1669
-8.97366
-1.54813
0.253078
-6.41238
-5.03862
-7.53149
-10.5919
5.42495
-10.2978
-10.4464
-7.36839
1.40161
-9.34861
-8.9114
-10.054
-10.6021
-8.75387
-10.4383
-5.25904
-9.60797
-7.47993
-9.67413
-10.0533
-8.93111
-8.92895
-6.75611
-4.56042
-4.09317
-5.77825
-1.33228
-8.99855
-2.4894
-9.39771
-4.0975
-7.37186
-6.24778
-3.6119
-9.92698
-6.9831
-8.03402
-10.5114
-10.2254
-7.35978
5.13449
-5.23103
-10.0225
-9.857
-9.66038
-10.4885
-10.6927
-9.7441
-5.4019
-4.84929
-8.17851
-9.45611
-9.75568
-10.494
-5.71074
-7.52601
-2.04436
-10.6836
-7.07946
-10.3324
-10.5595
1.67354
-9.78943
-7.65756
-8.72877
-8.39363
-7.81136
-10.4468
-10.6927
-9.33597
-7.95476
-4.20765
-10.4943
-10.5881
-10.6879
-10.3758
-5.62532
-10.6682
-10.6773
-4.95217
-6.27061
-2.87387
-0.270979
-10.6693
-9.65557
-8.7816
-2.34139
-8.79208
-9.44599
-10.4376
-4.00434
-9.35034
-9.61818
-10.6719
-4.61992
-9.95417
-8.74862
-9.26597
-4.78052
-10.154
-6.19088
-3.67608
-10.6751
-9.88994
-8.94843
-8.11324
-10.3673
-9.88222
-10.6231
-8.63433
-10.4852
-6.37033
-7.97823
-9.76138
-3.64612
-8.32261
-3.44632
-8.04295
-9.26275
-10.5919
-6.67189
-8.52397
-8.37173
-4.39852
-10.683
-8.6759
-4.10585
-10.6875
-6.28672
-9.91837
-9.77991
-9.56249
-9.41886
-10.5792
-10.6928
-10.6879
-10.2756
-10.5869
-8.61691
-8.89284
-7.67236
-10.3494
-10.4434
-5.94926
8.44184
-6.82968
-9.66831
-8.99219
-10.3273
-3.73341
-9.65661
-6.78691
-9.44712
-4.45113
-10.682
-9.42629
-10.4899
-9.14229
-7.57493
-10.5376
-8.7087
-10.0799
-7.78084
-5.09597
-7.24566
-2.75726
-6.84483
-3.38738
-10.0947
-10.6851
-8.31172
-9.61033
-10.565
-9.44068
-9.47461
-5.28001
-9.68949
-10.4875
-10.5895
5.36107
-10.1454
-10.0785
-6.9975
-10.5382
-7.27711
-9.38648
-9.54141
-7.89551
-4.44933
-6.96817
-10.6678
-10.6589
-10.2514
-10.5906
-8.57302
-10.4715
-10.6491
-10.6931
-10.6888
-10.5978
-10.6895
-10.6052
-9.63989
5.55592
-8.13947
-10.1775
-9.32093
-10.6922
-9.34775
-6.48812
4.50028
-8.42693
-10.0933
-10.693
-6.04646
-10.6919
-3.57428
-10.6506
-0.941276
-9.86425
-10.6683
-8.24962
-7.08546
-10.4706
-10.1918
-6.60834
-6.30099
-7.42412
-10.0276
-2.51518
-9.3165
-9.92897
-9.80638
-2.88057
-8.82129
-9.92006
-5.89907
-4.85816
-10.2842
-10.2111
-4.48926
-10.4293
-7.92941
-10.5875
-8.71428
-8.60144
-7.61259
-10.095
-9.58144
-9.91167
-9.71374
-9.21397
1.96413
-10.6307
-10.2421
-10.5636
-7.16518
-8.67292
-10.632
-7.1072
-10.686
-9.47066
-10.4331
-10.5132
0.326465
-10.0359
-10.2422
-10.1914
-7.45066
-6.17842
-10.3555
-10.6316
-10.2854
-10.4311
-10.6853
-7.65552
-10.6752
-6.44275
-7.47201
-6.32686
-7.8752
-9.91746
-10.6917
-10.6117
-10.572
-10.4477
-9.7774
-1.38736
-4.96419
-10.4107
-9.33312
-6.11786
-10.5719
-4.99831
-4.08378
-9.30962
-9.96235
-9.71697
-9.50552
-10.6788
-8.01273
-7.20369
-7.70958
-3.46437
-10.3787
-9.74937
-10.225
-10.3945
-10.6333
-10.1936
-8.25698
-10.5891
-8.2052
-6.04411
-8.19993
-8.65193
-9.10893
-10.6269
-4.8638
-9.93604
-9.00957
-5.57567
-4.26582
-0.02824
-10.6527
-9.90594
-10.6803
-8.85485
-4.74925
-3.45713
-8.91572
-6.47373
-5.86847
-6.18777
-10.13
-10.354
-10.5365
-9.98232
-9.93498
-8.59723
-10.683
-7.92902
-7.81338
-3.18195
-10.6815
-5.43388
-9.67767
-9.80565
-10.6291
-6.74864
-4.13759
6.8926
-0.283298
-6.58244
-10.4335
-9.3234
-7.12496
-7.74445
-4.51767
-9.91181
-1.85555
-5.07684
-10.3642
-3.14127
-4.11497
-10.4621
-6.03144
-10.6889
-8.21263
-10.5848
-10.0925
-9.58084
-4.33671
-10.6506
-6.12945
-10.6822
-10.6128
-8.6208
-10.6897
-10.0906
-10.5685
-7.95624
-6.04482
-10.6848
-10.6809
-10.2638
-6.4398
-8.35687
-9.3408
-10.6894
-10.6925
-8.96838
-10.5694
-5.6652
-10.3802
-10.2086
-10.5868
-2.90578
0.817196
-9.75934
-9.14882
-2.03214
-8.30355
-7.92918
-6.95556
-10.5448
-5.3001
-10.586
-6.55692
-6.56549
-7.57995
-9.84483
-10.683
-10.111
-10.6906
-2.84489
-7.86991
-9.28803
-5.74692
-9.54732
-9.02805
-8.25853
-3.261
-6.51271
-4.68735
-9.46835
-10.6473
-10.178
-9.35504
-3.9614
-8.3598
-8.03822
-10.6656
-9.68918
1.11071
-6.40662
-10.6815
-5.84164
-3.80339
-8.43959
-8.96982
-3.57563
-5.67079
-10.6276
-9.12392
-9.25517
-10.5544
-4.57514
-8.90482
-10.6717
-6.73886
-10.6206
-10.6714
-8.38949
-10.5263
-5.98727
-4.70389
-9.09371
-10.4862
-3.06183
-8.15568
-9.69043
0.327881
-10.6289
-2.52774
-6.6804
-10.4143
-10.2385
-10.5698
-8.98238
-10.5515
-9.88001
-10.573
-10.6563
-5.61642
-0.14364
-4.22779
-10.5089
-6.84157
-8.9754
-10.265
-9.21007
-10.5791
-8.97717
-5.25679
-8.33238
-6.15835
-7.69054
-9.95974
-3.40029
-10.0958
-10.6623
-10.3102
-1.79596
-0.702994
-9.21426
-7.09172
-10.3842
-10.5124
-10.0141
-8.43095
-10.6916
-10.6182
-9.68372
-9.16256
-9.83219
-10.5331
-10.6234
1.07593
-0.372274
-8.18435
-10.6837
-9.74658
-8.32637
-7.98426
-8.67196
-10.1234
-10.1528
-5.29864
-10.6426
-6.28498
-10.6723
-10.4041
-3.88481
-7.9097
-7.5852
-8.87917
-6.03285
-3.80025
-9.73906
-10.563
-10.5688
-7.41552
-9.17373
-6.15827
-4.83139
-2.6762
-4.45529
-10.2176
-10.1183
-10.3125
-9.94954
-10.5164
-9.98521
4.45429
-10.6898
-8.73494
-10.4843
-8.9343
-10.4279
-10.6239
-6.66774
-3.60856
-8.82714
-10.6826
-0.929245
-5.72037
-9.86194
-6.19848
-7.60929
-8.67829
-7.43411
-4.28249
-10.396
-6.98222
-8.23787
-9.25196
-4.112
-4.98122
-9.88587
-5.16812
-6.28112
-7.39905
-10.4586
8.06594
-6.27907
-5.59123
-6.46592
-10.6426
-9.14961
-10.6822
-7.03039
-10.5404
-8.79848
-7.53638
-6.84933
8.11586
-1.8254
-7.71887
-9.49015
-10.1484
-7.74919
-10.4942
-7.24583
-9.91884
-0.189344
-10.6349
-9.62511
-2.67662
-10.1401
-7.48608
-10.0753
-10.6885
1.3615
-7.40644
-8.19741
-7.39992
-10.3109
-5.89783
-9.35195
-9.30854
-4.81496
-9.11632
-10.6786
-4.8285
-9.89976
-0.943724
-9.59564
-7.51767
-5.12757
-10.6076
-10.6266
-7.62684
-3.87921
-9.10729
-7.61166
-6.97662
-8.98513
-0.696315
-2.05555
-10.436
-10.6879
-10.6913
-10.6642
-7.25819
-3.72907
-8.47304
-10.6574
-10.6748
-5.89288
-10.5276
-10.6904
-10.2441
-3.3413
-9.90082
-9.2441
-10.6829
-1.63287
-10.5745
-5.28879
-7.75754
-10.6314
-7.06639
-10.5207
-10.6044
-10.6477
5.36559
-7.74322
-9.98212
-8.35643
-9.04711
-9.89217
-7.87206
-9.50092
-10.5131
-10.6923
-5.11779
-10.656
-9.80081
-7.33596
-7.31599
-7.81556
-9.8691
-10.6891
-10.0817
-8.30815
-10.6672
-10.5966
-10.0268
-7.60523
-8.64365
-1.59807
-10.5903
-8.37697
-5.00391
-10.6911
-3.4579
-10.5017
-8.53792
-9.98276
-8.07664
-9.2813
-5.31245
-9.98974
-10.4371
-2.0389
-9.78046
-6.58032
-9.97579
-8.03437
-6.53872
-8.83513
-9.16302
-8.10287
-5.67701
-9.46107
-2.71477
-10.0915
-8.03908
-8.32681
-4.65672
-5.63225
-3.53491
-10.2717
-10.6352
-10.5013
-10.6767
-10.6374
-9.44459
-10.1999
-10.217
-9.66018
-10.6676
-10.5521
-8.23479
-10.6593
-9.67008
-5.35542
-10.6044
-2.66463
-10.6857
-7.6673
-10.1564
-10.6534
-7.59241
-9.72096
-10.4731
-1.60963
-10.3411
-2.60962
-9.01662
-10.5042
-9.47571
-8.91319
-10.6705
-9.10972
-10.6733
-8.06572
-7.75345
-10.6929
-7.50701
-10.5198
-7.62793
-5.92689
-9.51143
-10.6913
-9.80346
-10.6544
-9.17409
-9.33328
-10.1501
-8.69794
-10.0327
-10.6755
-7.73362
-7.75235
-8.65415
-10.2459
-5.48624
-10.5408
-3.5263
-10.6536
-10.6232
-3.76528
-5.93967
-8.72337
-9.8351
-10.6787
-8.79759
-9.03528
-8.82567
-4.6542
-10.4282
-9.3473
-10.4073
-8.04282
-6.18932
-9.31631
-10.4633
-5.72747
-7.09771
-9.57126
-10.6926
2.93299
-10.6852
-5.06984
-10.6606
-5.82006
-8.37674
-10.5975
-10.6926
-10.6083
-8.73863
-10.3804
-10.4491
-7.3001
-8.58888
-9.39673
-9.84825
-8.95818
-6.96306
-5.24381
-9.25789
-7.37737
-9.93461
-7.02093
-5.41512
-10.6906
-9.9564
0.05376
-10.6467
-1.91281
-10.2895
-10.1358
-10.3663
-10.6035
-10.1459
-9.37911
-8.28922
-10.6929
-10.6908
-2.13054
-8.20298
-1.40243
-10.6878
0.155701
-8.5836
-10.6896
-9.7645
-8.70171
-10.6893
-10.4934
-7.49112
-9.82748
-7.08872
-5.57891
-10.4728
-10.2087
-8.86899
-7.85848
-8.26311
-10.6839
-7.82334
-9.88168
-10.6151
-9.29624
-9.85702
-2.99792
-9.96393
-10.4391
-7.89167
-8.12811
-2.35627
-10.6783
-5.08197
-10.693
-8.12805
-9.82954
-5.61144
-9.25734
-10.389
-5.09138
-5.92773
-8.48458
-8.21862
-3.82101
-8.57062
-10.6864
-6.05689
-10.5939
-9.42679
-3.41245
-7.33532
-10.5304
-6.27203
-10.3402
-7.18853
-10.1132
-6.59206
-10.6481
-2.93555
-10.2354
-9.87533
-9.46059
-1.87248
-10.6329
-10.267
-10.6787
-6.13662
-7.88893
-10.6565
-8.06545
-10.6118
-10.6155
-10.6493
-7.54352
-10.6017
-10.0777
-10.0329
-8.58625
-10.1693
-4.57541
-5.71935
-10.5624
-9.05471
-10.6034
-7.77583
-10.6695
-8.34642
-8.51966
-10.0722
-9.75119
-10.6297
-2.38019
-10.0164
-7.84789
-9.09612
-7.19932
-4.66309
-2.55682
-10.5631
-10.693
-10.6609
-6.9662
-9.61094
-9.41915
-10.6828
-7.1063
-7.89678
-10.6598
-10.6652
-9.06025
-10.6246
-9.22182
-10.6622
-10.3494
-10.0456
-10.2699
-10.5195
-9.21445
-10.3301
-10.1154
-9.16211
-5.72554
-3.01007
-4.63821
-2.02342
-9.8111
-10.3022
-9.93137
-9.02951
-7.94441
-10.4391
-10.6329
-10.0322
-10.6374
-8.86168
-10.6761
-5.72142
-9.32515
-7.69304
-8.6793
-10.6666
-3.47159
-7.58452
-5.0144
-8.91972
-5.38105
-8.52387
-10.6799
-8.56144
-5.21279
-9.31906
-10.5127
-8.08052
-10.5546
-10.5879
-10.5672
-10.5462
-10.6578
-10.1673
-10.5092
-9.7606
-10.6911
-10.642
-6.19481
-9.5631
-7.63591
-10.692
-9.90114
-8.44247
-9.32503
-10.6386
-9.84933
-9.96125
-10.5303
-10.6625
-10.549
-0.489911
-7.89977
-10.6389
-10.536
-5.61438
-9.47761
-10.0445
-9.86547
-7.68273
-5.90791
-10.4098
-10.5045
-10.6442
1.15119
-10.2652
-9.78183
-9.09625
-8.59038
-10.2055
-10.6913
-4.27406
-10.6351
-10.658
-10.3528
-9.59439
-5.33333
-10.5461
-7.67181
-7.69982
-9.48866
-8.78854
-10.6874
-9.52455
-10.1888
-8.25939
-10.5326
-10.6912
-9.4359
-8.52478
-0.856164
-10.3963
-10.6921
-10.1886
-8.31247
-10.6922
-6.67342
-5.98666
-9.27078
-10.6445
-10.0571
-10.5713
-10.5161
-10.3653
-5.73457
-6.96923
-10.111
-10.6917
-10.6787
-5.7673
-10.6245
-10.5698
-10.6928
-9.15482
-10.5525
-10.6594
-10.6873
-10.6115
-9.7685
-6.95078
-10.6421
-10.6839
-10.4184
-4.05646
-7.71178
-10.3246
-10.2397
1.64421
-7.80616
-10.6861
-9.4335
-10.625
-10.6884
-6.42227
-6.33811
-7.81959
-7.22327
-10.6648
-10.6921
-7.00506
-10.3907
-7.5002
0.212661
-8.26344
-7.04929
-4.93618
-9.60012
-10.6908
-9.44379
-7.00794
-3.59914
-2.2401
-7.17344
-10.1211
-7.84606
-9.56401
-8.84895
-6.00307
-8.33106
-10.1643
9.41633
-2.27175
-10.1363
-8.90068
-5.01885
-10.6114
-4.45547
-10.6599
-10.6576
-3.34109
-1.69261
-3.64102
-8.14062
-10.6925
-10.6609
-10.5789
-10.6016
-0.734727
-10.3602
-10.6781
-10.6909
-10.5788
-10.6346
-10.0329
-9.31013
-10.2099
-2.84724
-5.72844
-7.03475
-7.94033
-10.6423
0.610067
-10.6716
-10.3669
-0.63311
-10.6159
-0.367193
-10.6826
-0.35547
-0.08454
-6.61579
-10.5999
-10.6813
-10.4148
-0.986378
-2.60844
-10.6735
-10.6833
-7.04445
-8.95308
-10.3785
-9.83982
-10.6137
-10.6842
-2.48241
-10.3086
-0.013966
-8.38006
-3.39474
-10.6248
-8.39252
-10.6332
-7.85616
-10.6795
-10.3142
-6.3312
-8.53546
-9.60793
-0.363397
-10.481
-9.88589
-10.6284
-9.92455
-7.99868
-10.3269
-6.78419
-10.5028
-10.4572
-10.4009
-0.235039
-6.60803
1.67216
-8.93336
-3.22426
-6.5769
-5.65431
-6.70701
-4.33852
-6.71748
-5.13666
-7.34349
-9.80771
-10.6135
-7.41978
-7.14395
-10.4003
-10.344
-6.31332
-10.6553
-10.3564
4.1256
-10.1752
-5.72571
-5.84607
-7.78441
-5.91916
-3.12591
-8.19648
-10.4255
-8.36658
-10.6921
-8.61062
-6.27321
-9.08332
-10.6916
-1.63941
-7.3779
-10.6387
-9.29552
-10.6374
-5.92335
-5.85958
-6.52711
-7.15587
-10.5716
-9.18759
-10.6402
-0.650083
-9.86348
-7.42053
-9.44669
-9.26927
-10.6796
-9.97393
-10.4444
-10.6122
-7.03303
-10.2722
-10.6928
-10.4956
-10.6497
-9.59209
-10.4523
-9.81601
-8.7723
-10.6746
-10.4933
-9.78112
-10.5669
-10.5458
-8.94745
-9.72227
-7.76524
-10.6931
-10.6872
-4.261
-1.00336
-10.3595
-0.627078
-10.5592
-5.29811
-10.3616
-9.25229
-10.635
-7.25037
-9.67208
-10.6914
-10.4027
-10.6821
-2.63473
-8.7699
-7.61046
-4.57407
-9.33411
-10.2534
-10.3897
-10.6868
-9.6205
-8.51826
-3.23368
-6.7862
-3.07041
-0.468915
-9.76133
-8.26278
-9.77422
-10.6351
-4.45062
-3.63401
-3.09865
-3.14697
-10.6139
-4.71202
0.269066
-5.23898
-9.38871
-8.13113
-3.65036
-10.6343
-6.85279
-8.92132
-4.84173
-5.71598
-10.2091
-9.80484
-10.3204
-0.370192
-10.3837
-10.6832
-9.59694
-8.39198
-5.91288
-7.10251
2.7399
-10.4997
-9.85138
-10.69
-7.99221
-5.82504
-7.29553
-10.4592
-6.30279
-7.5704
-10.133
-6.53026
-10.6272
-5.89212
-1.4751
-5.99439
-7.8814
-7.59677
-9.60843
-10.6894
-10.5016
-10.6817
-10.3427
-10.4006
-10.6833
-10.4335
-5.56166
-10.1176
-10.6647
-0.302667
-9.10983
-7.96948
-5.7251
-8.75538
-7.10571
-5.33847
-10.457
-7.15597
-5.78461
-10.6924
-10.5781
-7.29086
-7.97416
-0.114047
-10.5023
-10.6734
-5.97168
-4.64354
-9.30755
-7.43393
-9.96317
-6.65246
-6.83949
-4.88687
-10.6331
-7.67092
-6.13008
-7.73579
-10.6882
-8.59817
-10.3098
-10.1291
-9.63064
-7.47874
-10.2842
-10.6874
0.210192
-7.44536
0.804706
-7.15292
-1.54265
-3.46248
-9.9976
-10.6895
-10.4059
-10.3036
-8.8812
-5.27611
-10.6849
-10.6154
-3.38128
-9.9846
-10.6891
-4.87925
-2.94594
-9.58831
-9.18202
-7.83538
-6.4232
-8.19167
-7.87876
-4.87101
-9.54617
-10.1882
-7.91764
-9.87029
-10.6122
-7.57648
-10.0824
-9.96638
-10.6752
-10.6304
-6.5991
-6.54319
-10.642
-9.71803
-10.4135
-2.29382
-8.87003
-0.525147
-9.09821
-9.52019
-9.65184
-8.53677
-10.6404
-9.06748
-8.69378
-10.6804
-9.03494
-2.27882
-3.8657
-9.9366
-10.6053
-4.39839
-9.39536
-0.906305
-9.20244
-10.3531
-10.6836
-10.5451
-8.06148
-6.31867
-7.05512
-6.05935
-10.563
-3.65482
-10.1301
-6.2107
-10.5791
-9.68572
-9.86739
-9.63891
-10.6699
1.18994
-6.08999
-6.76766
-9.46527
-2.03969
-9.92669
-7.30351
-10.6446
-6.42874
-8.89385
-10.693
-9.83857
-4.92173
-10.6785
-6.75254
-10.5796
-10.6742
-10.631
-10.4898
-1.11116
-9.92723
5.43322
-10.6273
-7.42774
-10.6313
-10.69
-8.62608
1.36731
-0.290914
-8.66672
-9.54027
-8.60427
-10.3123
-8.19712
-7.95509
-2.45558
-8.27858
2.60443
-10.6152
-10.6376
-6.10661
-10.5625
-6.87664
-8.49455
1.36419
-6.4791
-10.1886
-9.12374
-9.11639
-10.3962
-8.81262
-9.34903
-10.6124
-9.03853
-5.42568
-7.30236
-10.5211
-3.99599
-6.77119
-5.00474
-10.68
-6.13729
-7.72557
-10.5609
-10.3312
-8.19088
-10.0343
-8.85848
-6.00644
-9.09495
-8.58773
-10.5402
-6.78897
-0.442585
-7.28603
-9.9624
-2.50128
-7.9593
-10.0766
-5.69275
-8.938
-7.81857
-9.05343
-9.63076
-9.00009
-10.3953
-6.41923
-10.1517
-6.26558
-8.3948
-6.73555
-9.19458
-8.10763
-7.65626
-0.289989
-1.92523
-6.93527
-10.1297
-7.77445
-6.7534
-8.64513
-8.51192
-4.94512
-10.1208
-10.3089
-8.84352
-10.4735
-3.66544
-0.142181
-4.98159
-4.4799
-10.1202
-10.4136
-5.65265
-9.59202
-10.6891
-2.51171
-3.4847
-10.4853
-4.39456
-6.94651
-5.3178
-1.00854
-10.0814
-8.95558
-9.79703
-5.46226
-10.6462
-10.6121
-1.595
-10.3944
-8.49535
-7.80651
-1.81847
-8.70085
-8.95615
-9.76613
-9.15862
-10.6573
-7.41721
-10.6709
-9.61862
-7.5844
-5.80283
-9.88761
-10.1618
-9.06361
1.11787
-5.22975
-7.74808
-10.6327
-3.96781
-0.010482
-0.445523
-7.95033
-10.5987
-4.64177
-5.26445
-8.13365
-10.1729
-6.35368
-8.03064
-10.1817
-8.77476
-10.6774
-9.11379
-10.2782
-7.97167
-5.40928
6.39349
-6.32091
-10.5396
-10.5077
-10.1733
-7.7576
-9.47226
-1.12083
-0.769164
-10.5331
-8.97234
-10.1514
-10.6922
-9.79748
-10.1626
-4.69125
-8.40019
-8.26215
-7.82566
-8.54714
-5.75041
-10.207
-3.56683
-8.99278
-7.1541
-10.3871
-9.55068
-9.43127
-10.2018
-10.305
-10.2659
-4.52423
0.55407
-2.9322
-4.37163
-3.04614
3.61801
-5.4155
-9.88166
-7.45746
-8.74881
3.47016
-6.1994
-6.97071
-7.63926
-9.11882
-10.4913
-7.95179
-9.35412
-10.6768
-7.95014
-9.52212
-10.06
-8.02046
-5.39354
-9.05512
-5.93482
-10.6927
-2.90604
-9.23392
-10.5187
-2.15031
-10.2082
-8.32361
-7.06889
-5.8389
-10.2864
-10.6165
-10.3986
-8.99504
-9.22401
-9.14889
-10.1944
-7.46331
-10.6921
-8.36534
-10.6174
-9.16464
-7.88134
-10.2577
-7.23925
-9.74789
-9.55956
-9.2044
-10.113
-10.5078
-7.56205
-9.95392
-10.5584
-6.88387
-10.5478
-10.1698
-10.5256
-10.6054
-10.6413
-6.81705
-0.806049
-10.6324
-1.04343
-10.6907
-10.426
-9.81627
-8.73197
-10.0707
1.31986
-9.84622
-9.0613
-8.37976
-9.72857
-7.09232
-10.6737
-7.97817
-8.46634
-5.19167
-8.73229
-4.56977
-5.51023
-8.12437
-0.616046
-10.6286
-10.5378
-10.4713
-6.53054
-1.99578
-10.6673
-7.49165
-7.83064
-6.61175
-9.70556
-3.22811
-10.2203
-4.86885
-10.1875
-1.96497
-9.07277
-6.29791
-10.5718
-9.61695
-10.1418
-10.6664
-7.94602
-7.85473
-10.4152
-9.86458
-5.82759
-10.5192
-7.46965
-10.6077
-2.53181
-10.6461
-1.60847
-5.01446
-8.72138
-2.75685
-9.34068
-5.46702
-8.94665
-7.14482
-7.9366
-7.39266
-8.37898
-10.689
-9.20597
-8.80738
-10.4158
-9.96156
-6.50352
-9.3246
-9.89597
-10.1159
-10.5472
-4.56296
-1.4642
-9.3688
-9.89403
-9.26286
-10.6438
-5.76542
-8.89587
-7.33574
-10.3807
-7.70925
-1.09496
-8.71954
-10.5208
-10.6908
-10.4738
-6.94667
-4.76667
-6.77386
-10.2712
-9.14178
-9.63787
-10.327
-7.75498
-9.64548
-9.31919
-8.65398
-10.5415
-8.69976
-4.35526
-10.5859
-10.6873
2.90102
-6.48048
-10.6584
4.57825
-10.4584
-4.09781
-4.3658
-6.79296
-6.24784
-7.38324
-2.95488
5.18045
-10.6838
7.28975
6.21337
6.79864
5.23447
8.67665
4.29079
4.2427
9.54504
7.69
8.67576
6.41838
8.49517
3.85006
8.73868
-4.93933
5.79539
-1.33499
9.22691
-8.59036
-7.11899
-9.46449
-10.6198
-9.84822
-10.6643
-10.6854
-10.6742
-5.15763
-8.58928
-4.79602
-9.05317
-7.78669
-10.6118
-10.066
-10.5615
-6.8124
-10.6797
-10.3881
-10.6871
-10.6852
-10.6053
-10.5717
-10.5084
-10.6173
-10.5357
-10.5032
-9.9061
-10.589
-10.6414
-10.6737
-10.5407
-9.31132
-10.6816
-10.6835
-9.11788
-8.3272
-4.85485
-9.39648
-10.6338
-4.46671
-10.6542
2.79912
-8.96312
-10.6468
-10.577
-2.91335
-7.41399
-10.6563
-10.1432
-8.41443
-6.41412
-10.2812
-9.21151
-7.88365
3.3749
-10.5411
-10.6926
-10.6524
-10.3873
-9.89109
-8.19993
-6.95891
-9.87027
-10.5763
-3.99504
-9.07932
-8.21443
-5.75147
-10.6369
-6.8735
-9.35057
-10.6259
-10.6927
-10.3446
-7.89114
-5.29187
-5.67422
-10.6324
-5.16456
-9.45073
-10.3266
-10.6893
-5.22558
6.5174
-7.64581
-9.71804
2.65524
-4.66631
-10.1945
-10.2126
-9.73611
-10.6629
-9.76188
-8.72471
-9.22041
-10.6353
-10.39
-10.6662
-10.4507
-8.35216
-10.4374
-8.70805
-9.06875
-9.63296
-6.22797
-10.2461
-9.09136
-3.88607
-10.5834
-7.74284
-8.91364
-8.0814
-5.20572
-7.64403
-0.765534
-1.69166
-8.19467
-10.6909
-4.90138
-8.15027
-10.6712
-9.19274
-10.5344
-8.94857
-4.12188
4.30305
1.02894
-4.90563
-10.6462
-5.65776
1.33376
-10.6911
-10.6686
-9.88147
-10.0393
-7.59781
-10.6039
-10.5422
-9.22544
-7.95572
-8.01811
3.27846
-2.95913
-10.6154
-10.1212
-7.00765
-7.29304
3.66913
-7.47905
4.04177
-9.11476
-10.2028
2.38674
3.3825
-9.36782
3.84053
-8.39778
-7.67958
-9.50251
-10.6291
-8.81782
-8.06256
-10.5902
-10.6731
-10.6749
-10.5456
-4.72778
0.245021
-6.55485
-10.5389
-10.6905
-3.42651
-1.91439
-9.36876
-3.52371
-9.99037
-9.25142
-9.8158
-1.87574
-10.5865
-9.14996
-3.86727
0.338913
-10.6552
-10.3814
-0.9269
-9.90412
-10.673
-10.157
-10.5382
-10.4435
-8.67539
-2.30526
-0.38061
-8.72948
-4.16389
-5.16354
-8.21167
-6.96902
-10.3223
-7.21782
-5.97064
-8.43367
-7.36144
-10.6198
-10.649
-10.6808
-10.6861
-7.82231
-8.39452
-6.90968
-5.09899
-2.80777
-10.6355
-1.93799
-7.81714
-4.22687
-6.02162
-7.44355
-9.52678
-2.76075
-9.17452
-5.91325
-10.6888
-10.1012
-6.71415
-10.004
-0.638416
-8.88563
-2.32746
-6.18049
-5.8372
-10.0773
-7.99657
-9.53933
-5.0687
-10.4212
-10.3504
-9.90991
-5.6411
-10.4698
-6.44103
-3.95868
-10.6384
-7.79161
-6.1505
-10.6851
-10.6917
-6.76566
-10.5857
-10.6909
-8.03686
-8.06114
-9.80762
-10.2682
-8.07743
9.03318
-9.40015
-9.48989
-8.2925
-8.04638
-0.071482
-9.31032
-8.75348
-7.74953
-9.30397
-10.6701
-10.2214
-10.6681
-9.5811
-8.61898
-6.35744
-10.5353
-2.76148
-10.6323
-7.91325
0.420218
-10.652
-10.6217
-10.6886
-6.97494
-8.91971
-6.73634
3.35669
-8.16295
-10.6913
-8.61704
-9.98701
-10.2412
-10.3045
-8.5799
-9.55452
-1.20754
-10.398
-8.36615
-10.4711
-1.86334
-10.3042
-8.26506
-5.37255
-8.968
-10.4717
-9.25342
-4.82381
-2.65836
0.27702
-10.6929
-7.61777
0.020253
-9.8593
-1.99299
0.895858
-3.76896
27.6442
-6.32754
-4.28725
-0.036472
-7.50006
-0.316751
-3.44882
-3.91102
-5.41344
0.047336
-0.900533
3.97258
-10.5793
-9.27191
-6.11783
-8.03599
-9.13142
-8.6826
-7.35902
-10.4922
0.688045
-3.19231
-8.45494
-3.43633
-8.09177
-6.65826
7.59111
-6.68555
0.829891
6.47531
-2.51057
-3.92862
-9.25971
-2.45054
-10.3741
-10.2845
-0.652903
-8.9901
-8.83192
-4.25226
-4.64006
-7.96095
-8.34446
-10.6908
-5.91794
-5.25115
-10.6022
-9.89011
-9.73766
-3.69446
-10.4977
-9.50484
-8.92744
-6.70298
-8.74617
-6.5675
-7.69264
-9.97799
-8.10372
-8.28454
-7.70326
-10.688
-10.1069
-10.6765
-10.1322
-8.62096
-6.98308
-5.63017
-10.4327
-10.3166
-10.0983
-10.5432
-7.63021
-10.6333
-9.60741
-10.6928
-10.6741
-6.09989
-10.0632
-10.2107
-8.28853
-8.59342
-10.66
-8.32703
-5.57476
-9.55722
-9.42125
-6.18564
-3.7149
-5.03206
-2.89653
-6.48171
-0.712334
-7.17091
-6.86356
-4.63693
-7.3003
-6.08048
-7.94996
-7.31987
-4.39126
-10.6378
-8.91076
-10.2117
-9.98391
-10.259
-10.6746
-6.69707
-10.3306
-10.4856
-9.76111
8.45685
-10.3533
-9.69297
-2.25759
-10.6715
-7.7875
-6.76702
-10.681
-10.3821
-10.6838
-9.46141
-8.80757
-9.36649
-10.6875
-10.599
-7.06161
-1.98314
-10.521
-8.33294
-8.27862
-10.6397
-9.38237
-9.97878
-5.61576
-8.36649
8.37937
-7.3958
-10.544
-10.6299
-6.71044
-9.99042
-6.10552
-10.0505
-9.38861
-7.93622
-8.45684
-9.10633
-2.09535
-5.22068
-10.674
-10.1777
-10.6877
-10.5848
-3.82307
-10.4778
-4.57039
-9.79465
-10.6449
-8.67379
-8.43897
-3.94254
-10.0581
-10.4113
-7.48447
-8.36603
-5.65893
-8.12857
-9.4759
-6.83141
-10.2777
-9.62099
-10.6879
-8.09799
-10.6483
-10.4625
-9.82275
-8.05775
-7.09211
-6.29554
-9.38782
0.336473
-9.52066
-10.3518
-10.6819
-9.15897
-9.52725
-9.04222
-7.02513
-6.34699
-2.45512
-10.1673
-3.03031
-8.15387
-8.05195
-7.6057
-6.73361
-8.8383
-6.80584
-6.643
-2.5419
-9.27641
-8.04724
-10.6148
-8.34384
-10.2335
-9.40526
-7.25619
-4.61254
-10.5485
-5.07207
-5.99298
-5.91386
-10.1312
-2.84323
-9.02989
-6.88227
-9.06035
-10.5155
-10.1175
-10.6726
-5.13299
-8.21011
-7.77082
-7.38945
-10.6526
-10.0291
-10.1663
-10.264
-10.4638
-5.02904
-6.64573
-4.26083
-4.65793
-8.86037
-10.6266
-10.3603
-7.71936
-0.289456
-3.62812
-1.7685
-10.3696
-6.30675
-7.99462
-10.6281
-10.5521
-10.6186
-6.61214
-2.32667
-4.06437
-10.1253
-0.332072
-10.6084
-2.60378
-5.30758
-8.69111
-9.74185
-7.29971
-8.18356
-8.39383
-7.93776
-9.21688
-8.21078
-10.1846
-8.03338
-9.32194
-10.4999
-10.6354
-10.4933
-8.2506
-10.398
-10.5063
-10.6925
-10.5115
-9.14618
-0.667985
-10.6924
-10.4964
1.35992
-10.5682
-10.6902
-10.5938
-7.36817
-9.44274
-6.85987
-10.6802
3.69891
-10.6784
-7.43523
-10.6563
-10.019
-10.3171
-9.84974
-9.7276
-10.65
-8.09589
-10.3625
-8.97788
-10.6627
-2.51142
-10.6323
-4.17484
-7.11493
-7.21906
-7.42713
-10.5793
-2.54622
-5.82952
-8.56616
-8.36594
-1.28403
-8.81681
-8.22241
-8.79297
-6.24586
-5.70424
-6.44447
-6.23236
-10.6728
-7.24772
0.517875
-8.1966
-9.87277
-8.00292
-10.4227
-3.36604
-8.65679
-6.95408
-6.56231
-8.76177
6.64335
-10.6326
-10.5578
-5.263
-7.77128
-9.25727
-1.17296
-7.62547
-10.4069
-10.3879
-10.5473
-9.18888
-7.47011
-9.79912
-2.25548
-5.42188
-10.4982
-10.1129
-9.69298
-8.85015
-10.228
-5.6327
-10.685
-7.28922
-8.84521
-9.35692
-10.5753
-6.92061
-7.76201
-10.3854
-6.84754
-10.6619
-6.47229
-8.70421
-5.90546
-10.5605
-0.218256
-10.5799
-2.41114
-5.70315
-10.6606
-10.5864
-6.98481
-10.1976
-10.3306
-9.78724
-7.35883
-10.5099
-8.3076
-8.64889
4.71536
-3.11238
-10.4616
-5.86375
-8.35662
-9.37623
-2.0587
-10.5583
-7.95765
-6.0006
-9.36559
-10.6701
-10.3811
-6.04731
-10.1077
-9.51145
-10.4792
-10.5252
-5.91288
-8.67658
-10.4769
-8.49654
-10.3587
-9.50719
-4.37899
-5.67877
-10.476
-8.52333
-6.83991
-10.6064
-10.45
-8.76419
-10.1119
-10.6834
-7.09018
-8.63599
-10.6911
-5.69362
-10.5205
-8.14883
-10.6348
-9.39873
-10.6572
-7.65873
-8.95258
-8.40802
-2.9316
-2.52386
-10.6757
-7.85662
-8.15792
-10.5916
-10.3342
-10.5319
7.06659
-5.19171
-9.19408
-10.0886
-10.1709
-9.79654
-7.48874
-9.01381
-6.54913
-1.28384
-2.71978
-5.82054
-9.01898
-9.75638
-7.33806
-7.90679
-8.6716
-3.38071
-8.91839
-9.78587
-2.58778
-5.69865
-4.41722
-10.066
-6.62996
-10.3273
-5.41488
2.74476
-10.6268
-10.0808
-7.09928
-7.78197
-8.10201
-6.36637
-7.32268
-7.81928
-4.30466
-5.30459
-10.6662
-7.71332
5.04762
-8.70115
-4.09728
-10.1386
-10.4216
-10.6684
-10.6924
-10.6462
-10.3936
-7.68328
-10.1584
-9.8663
-10.5569
-9.64223
-8.40838
-7.40082
-9.58051
-4.16952
-10.5789
-8.96129
-5.48412
-10.5428
-8.86518
-0.779919
-10.2084
-1.12592
-10.0862
-5.29052
-4.98155
-9.68043
-7.83965
-6.02447
-10.5789
-1.34813
-10.547
-10.0225
-10.6695
-9.1503
-7.26991
-9.92781
-10.461
-7.06966
-10.1939
-7.18549
-10.6149
-10.3714
-6.59581
-9.45792
-10.2939
-10.601
-10.3043
-9.53638
-10.6813
-10.6785
-10.6568
-10.0768
-5.52486
-8.72306
-10.0924
-10.6816
-10.2166
-10.2327
-8.26146
-6.47527
-10.0904
-10.2743
-10.6843
-8.17824
-8.16879
-10.6891
-2.09947
-10.6913
-10.69
-10.692
5.61097
-7.74022
-0.795757
-3.63959
-7.30399
2.57124
-3.36582
-10.6903
-9.37773
-8.49598
6.79747
-8.19598
-6.32525
-5.27167
0.781034
0.499989
-3.46762
-3.07597
-3.35568
-7.3489
-9.59929
-3.64276
3.35438
-10.6929
2.53982
-10.6691
-10.094
-4.24322
-3.38234
0.448807
-10.3177
-8.87923
-6.43746
-4.4377
2.93829
-9.66194
4.00973
2.41263
-4.19481
-4.17486
2.44192
-5.33286
1.49748
0.018164
4.7679
-8.84952
-10.6914
-10.1455
-10.6874
27.8707
29.0312
-9.03573
0.02064
28.6547
-10.6749
27.4519
28.5194
20.472
27.409
8.34253
1.38104
0.84338
27.0143
21.2648
24.6025
27.6039
-10.5622
27.4449
21.7195
7.23512
-10.0686
27.5576
27.7052
13.8081
-10.6931
27.4198
27.118
27.5755
28.3874
27.2408
21.4442
28.3028
-5.28658
26.5076
27.6984
-10.1324
23.6478
-10.6928
-10.6665
27.0489
-2.499
-9.25935
2.6415
-10.4155
-6.08623
-10.3942
-10.5701
-9.99716
-6.99576
-6.56161
-9.14718
-10.6448
-10.1651
-7.0084
-9.21043
-7.01552
-5.58645
-1.0119
-8.00241
-8.35654
-10.5723
-10.3334
-9.24436
-9.41503
-9.62254
-10.0616
-9.70109
-6.23867
-7.54162
-6.21245
-10.1425
-10.6108
-10.2369
-10.69
-9.73942
-5.10057
8.73451
-9.79056
-10.3807
-10.6521
-10.6513
-10.6924
-9.22967
-8.64101
-9.86189
-10.606
-8.10174
-9.9332
-7.06056
-10.5408
-9.90637
-9.50733
-10.6233
-10.5132
-10.3491
-10.677
-7.75879
-7.3246
-6.53124
-10.541
-7.78956
-5.04813
-9.12439
-10.5651
-10.6344
-3.69478
-7.85442
-4.49403
-7.87731
-8.02482
-4.92976
-0.128336
-10.6931
-10.6346
-8.46853
-10.4343
-2.65706
-9.38673
-3.68805
-8.82077
-7.66928
2.96037
-10.632
-1.13502
-10.347
-4.32389
-6.19748
-3.151
-10.1478
-10.6068
-10.69
-10.6536
-9.98104
-9.01982
-7.1418
-4.79977
-7.70713
-8.35777
-8.35448
-9.94696
-8.92815
-9.43399
-10.6907
-6.03053
-10.6806
-7.9898
-9.49841
-9.00164
-9.95216
-10.6231
-6.61473
-10.2584
-8.14736
-8.45064
-10.6877
-6.49796
-6.65222
-10.6191
-10.6865
-10.1881
-9.97477
-6.60003
-7.23967
-9.98076
-5.16937
-9.56919
-8.99616
-7.94896
-10.6597
-2.54793
-7.92251
-0.396558
-6.50413
-10.4774
-10.5756
-10.678
-8.33658
-0.559629
-6.90644
-9.52457
-10.6801
-10.3654
-10.6918
-10.6685
-8.79313
-9.23505
1.01587
1.69399
-10.644
-0.743877
-10.6902
-4.64569
-10.6353
-7.68333
-10.1854
-7.03409
-5.13991
-9.34389
-9.61336
-8.5263
1.50256
-9.1301
-4.88686
-10.6745
-10.6826
-9.91711
-10.6927
-10.3639
-5.29321
-7.3515
-10.5977
-10.581
-10.6765
-9.61004
-9.70087
-10.6879
-10.687
-4.29823
-10.241
-5.3258
-9.19119
-10.5126
-7.551
-10.6839
-10.2913
-5.7917
-10.6894
-10.584
-10.6928
-7.89984
-10.0362
-10.668
-10.022
-10.6022
-10.4499
-5.68102
-10.0723
-10.5911
-8.75079
-7.61044
-0.224236
-7.12049
-2.2675
-9.8914
-10.6164
-10.6461
-3.77874
-10.1824
-4.14127
-5.7714
-9.59962
-10.6462
-7.76443
-4.49425
-7.21338
-10.6882
-4.27024
-6.66568
-10.3198
-8.11449
-9.43631
-10.378
-7.83473
-10.108
-1.25661
-8.24724
-5.53717
-7.02655
-9.77342
-5.52102
-7.08738
-10.1686
-9.86119
-10.6583
-10.6922
-10.5137
-8.79813
-10.6917
-2.8033
-10.693
-9.62688
-10.676
-8.41535
-5.22893
-9.7449
-8.53199
-10.6166
-10.3795
-7.15082
-6.93224
-10.4577
-8.78732
-9.48398
-10.3497
-6.35342
-10.637
-10.6899
4.37701
-3.77871
-9.08815
-4.49241
-8.70297
-5.16486
-10.2312
-3.19306
-10.3782
-7.15277
-5.9181
-9.87808
-3.90521
-9.50623
-10.6884
-8.99486
-10.4616
-5.61612
-10.5437
-4.17896
-7.59257
-2.59017
-10.4415
-10.6913
-10.5682
-10.5435
-10.2838
-10.5812
-4.25698
-3.602
-6.44118
-9.16856
-10.6873
-10.594
-10.1836
-9.92363
-7.89136
-9.11599
-6.51033
-7.08147
-10.6913
-10.3114
-10.0871
-8.89363
-5.1867
-9.35491
-9.58356
-2.40516
-8.1759
-6.62908
-10.4218
-10.1785
-10.6856
-9.76341
-7.72309
-10.3068
-5.40224
-6.9517
-9.93201
-8.73433
-10.6569
-10.4724
-10.0628
-10.3165
-0.880673
-8.23894
-6.32562
-7.37896
4.61703
-0.934049
-10.5293
-0.76574
-9.44834
-6.23008
-1.09904
-10.6335
-8.55255
-3.33161
1.1627
-10.5834
0.098151
-9.67313
-9.76559
-10.1689
-9.46404
-10.6914
-10.6852
-6.90569
-10.6902
-9.91277
-8.19415
-5.66234
-10.3531
-10.4763
-10.6645
-10.5649
-10.6768
-7.05345
-10.5042
-10.404
-9.57504
-0.334962
0.520253
-10.5119
-8.72283
-10.1365
-9.78481
-9.44533
-2.27602
-4.63326
-2.19033
-4.28052
-10.1285
-10.3532
-10.5458
-10.6861
0.407189
-10.6916
-9.44659
-10.364
-10.693
-10.6621
-10.61
-9.45767
-7.87185
-10.4439
-10.4713
-9.5189
-10.2107
-2.02808
-3.65317
-10.6014
-3.99577
-9.87362
-7.83316
-6.23539
-10.6748
-10.1283
-8.90332
-7.67152
-6.80938
-10.4863
-10.6865
-10.198
-10.6844
-7.38007
-7.71249
-10.1528
6.48745
-1.536
-7.13412
-10.1424
-8.10816
-10.5007
-4.80082
-8.07363
-10.5961
-10.586
-8.28458
-9.56344
-10.5372
-9.95549
-9.53075
-7.82451
-8.91193
-10.5297
-9.91312
-10.4916
-10.5747
-10.3745
-7.47494
-6.55121
-9.8362
-10.679
-10.5306
-9.05982
-9.97173
-5.58136
-8.84747
-4.9947
-8.61966
-10.4871
-8.25695
-10.6018
-7.47011
-5.36261
-3.22992
-10.3467
-10.3302
-2.92557
-6.16263
-7.262
-10.6661
-10.3645
-10.2619
-10.6921
-9.17966
-8.77375
-7.92568
-9.62296
-8.25294
-10.5917
-9.88278
-5.45919
-10.4756
-10.5595
-10.6434
-8.94269
-0.598404
-9.22044
-5.74328
-3.92224
-10.3452
-10.202
-10.6848
-10.6618
-1.65476
-5.31515
-4.81918
-9.88208
-10.4716
-9.6442
-10.6877
-10.3084
-9.12332
-8.3922
-10.6483
-9.79074
-7.92516
-9.11332
-10.0417
-2.13737
-4.39904
-9.37077
-10.5916
-10.6275
-5.533
-3.29612
-10.2062
-9.73362
-9.28399
-7.39582
-10.6801
-5.45714
-2.40479
-8.05837
-9.92621
-10.5407
-10.6484
-10.1338
-8.74556
1.90061
-2.60591
-10.2216
-10.5845
-7.20132
-9.53422
-10.4293
-10.3814
-9.9329
-9.16701
-10.6791
-9.70407
-10.6387
-9.6141
-10.6543
-9.49073
-9.48025
-10.479
-10.6629
-10.6877
-9.31503
-10.6912
-10.1427
-10.5778
-2.17267
-10.0101
-10.6518
-9.46307
-10.6708
-10.5282
-10.6358
-10.0788
-10.6767
-10.6922
-10.693
-3.0337
-10.1966
-8.58038
-6.48636
-7.23923
-10.693
-9.7112
-10.6922
-10.674
-10.6009
-8.30666
-9.59586
-5.54496
-7.46584
-6.781
-8.59856
-8.31786
-7.2992
0.574244
-6.26746
-8.72087
-10.6898
-6.95821
-10.6727
-6.44605
-9.26637
-10.3772
-4.81563
-9.36344
-4.60628
-10.6751
-6.65336
-8.53003
-7.68421
-10.619
-0.555489
-10.5446
-10.4192
-7.26168
-10.3512
-10.4742
-4.3871
-10.4775
-6.57895
-10.537
-6.63464
5.69863
-10.192
-10.5273
-9.48328
-4.01866
-8.26389
-2.76151
-6.40976
-5.37659
-6.54448
-10.6167
-10.4946
-9.01113
-2.27886
-9.75631
-9.48379
-10.1283
-10.6905
-0.971385
-4.76224
-10.6867
-10.5971
-9.58743
-7.77865
-3.34232
-10.638
-10.3468
-1.60945
-6.90768
4.85764
-10.6741
2.25003
-9.74349
-10.316
-10.4833
-10.6208
-10.4073
-10.6552
-6.63839
-6.96109
-8.28037
-4.54548
-10.6739
0.12173
-8.27385
-10.682
-9.83221
-8.11906
-4.61694
-2.11499
-7.06065
-10.613
-9.87448
-6.72874
-8.98352
-10.6669
-9.28999
-8.63406
-8.79966
-3.46218
-9.9393
-2.22729
-3.56951
-10.6699
-10.6689
-7.23775
-10.4499
-10.1862
-0.072374
-10.6863
-10.5196
-10.6823
-6.90336
-7.05106
-10.6908
-10.6121
-6.03959
-10.6012
-10.5849
-10.2249
-10.3061
-10.4597
-5.88051
-9.20077
-10.1264
-10.3655
-2.0173
-3.20861
-6.85171
1.91401
-10.6593
-9.49462
-10.6826
-9.98458
-10.5084
-9.16297
-7.4602
-8.92682
-10.641
-7.31381
-7.10646
-7.43382
-10.6163
-9.96897
-8.39449
-9.37618
-7.56837
-10.0379
-10.5996
-9.66156
-10.6587
-0.972059
-8.84815
-8.02087
-7.50429
-8.60653
-10.0647
-8.71754
-9.99926
-9.12638
-7.96004
-6.68841
-8.46251
-6.00117
-10.027
-8.54602
-10.5105
-10.4327
-8.82331
-4.59684
-8.03554
0.347985
-8.55223
-10.6645
-8.9221
-5.79877
-10.0635
-10.6324
-6.61826
-9.6388
-6.87578
-6.61763
-0.42753
-6.80156
-10.671
-10.4442
-4.96712
-10.1608
-10.6017
-8.11722
-8.44101
-10.6023
-10.5086
-8.04807
-10.3635
-8.31333
-5.92954
-8.43816
-3.20379
-7.66454
-10.0312
-8.95281
-6.73163
-5.31077
-3.62933
-10.2305
-3.11071
-10.6521
-3.76336
-10.6138
-10.5453
-10.0407
-7.73383
-0.974084
-7.2979
-7.0355
-5.311
-8.67537
-7.54126
7.48825
-9.85274
-10.6125
-6.19543
-10.6238
-3.67607
-7.05441
-5.12911
-10.6303
-10.3241
-10.4493
-3.66727
-8.69596
-2.21092
-10.6592
-7.62611
-10.6103
-8.96883
-4.68082
-10.5249
-8.6405
-10.6642
-9.3959
-6.06951
-6.28992
0.055395
-10.3372
-10.6911
-3.99816
-9.80535
-10.6014
-10.0102
-6.31981
4.51544
-9.02011
-6.29888
-9.10581
-9.28295
-10.5923
-7.17884
-10.3885
-10.6893
-9.99874
3.33998
-10.5749
-9.15659
-10.6097
-8.90423
-10.5912
2.86078
-7.29257
-5.78229
-1.98055
-8.21032
-10.6681
-7.00161
2.23555
-3.19953
-6.97786
-5.75624
-7.08527
-9.02644
-1.79919
-10.4448
-10.4283
-9.74067
-10.2015
-5.12053
-4.87955
-6.06521
-8.63529
-9.00851
-6.60286
0.679173
-10.6011
-10.6914
-9.11696
-10.6647
-6.69532
-8.30216
-10.4586
-5.9384
-9.38285
-10.5724
-8.9477
-4.51822
-10.5005
-4.35409
-2.84889
-10.6675
-9.039
-10.6059
-10.4737
-10.6657
-10.6687
-10.6912
-10.5832
-10.6448
-10.693
-10.6803
-10.5785
-10.019
-10.6675
-0.897406
-10.6544
-10.6501
-4.27378
-7.77189
-5.86842
-7.51984
-10.4792
-10.5179
-6.01515
-8.96268
-9.36278
-10.5389
-10.5923
4.84945
-9.69284
-10.2258
-9.95156
-8.85688
-10.6824
-6.42827
-6.85611
-6.63027
-10.1486
-8.70197
-7.34148
-8.28805
-8.11814
-10.2443
-10.1654
-6.74687
-10.647
-10.3613
-5.19392
-10.3635
-10.5452
-9.92217
-10.6931
-8.04894
-10.5965
-4.71919
-9.70486
-6.27135
-9.34634
-8.55154
-7.48978
-10.2878
-10.5587
-4.98685
5.64626
-9.31317
-10.2755
-10.6507
-10.5521
-9.29265
-8.54187
-10.5721
-10.6049
-10.4181
-6.15142
-10.5528
-10.5561
-6.89532
-8.89255
-9.9642
-5.62674
-0.521959
-4.50985
-8.42172
-5.95712
-10.2123
-5.44897
-10.6842
-10.4061
-7.05156
-10.0197
-10.6672
-10.1964
-8.21211
-6.49192
-10.3215
-7.9791
-3.59703
-9.82231
-10.5358
-9.44447
-6.52091
-7.61348
-6.0401
-9.76477
1.58503
1.26914
-10.3005
1.29505
-1.70797
-8.20985
-9.13142
-6.45443
-10.4032
-10.6858
-10.6399
-1.26225
-10.5531
-10.0358
-2.51897
-10.4769
-8.12982
-2.28345
-6.57968
-10.4322
-10.146
-10.6912
-10.2551
-9.2211
-10.5997
-3.86581
-9.50661
-6.39623
-7.89535
-10.4269
-7.74553
-7.63043
-10.6264
-9.61202
-10.4071
-9.55993
-7.83567
-5.92514
-10.6508
-6.53466
-5.14492
-4.8873
-4.54905
-8.68012
-5.872
-10.0936
0.847467
-1.91972
-5.36523
-9.1244
-3.80537
-9.58232
-2.29312
-5.23151
-6.69282
-6.65922
-4.21759
-10.268
-10.6836
-5.22682
-6.89214
-10.6676
-9.79066
-5.07022
-10.6896
-5.19189
-5.13503
-10.5184
-10.6426
-9.27914
-5.27808
-6.26739
0.443752
-9.53697
-10.5209
-9.50711
-10.2438
-10.4579
-7.79896
-7.97764
-6.94896
-9.62609
-2.89996
-10.4088
-10.6222
-10.1001
-10.6779
-8.70312
-8.76915
-9.35983
-9.44422
-6.78588
-7.15907
-9.53181
-10.637
-10.433
-10.6781
-7.53974
-9.43566
-6.77012
-7.91775
-10.1628
-10.5247
-3.72443
-7.51948
-10.2311
-9.9037
-8.80005
-9.69136
-10.6855
-7.9008
-10.6488
-9.82758
-8.94991
-8.17216
-10.6655
-9.27937
-10.679
-6.60747
-7.16024
-10.6646
-6.67995
-5.51928
-10.6377
-10.441
-5.49392
-7.32988
-8.32055
-3.53841
-9.81097
-8.33903
-8.22225
-7.77758
-2.56794
-3.41898
5.74187
-5.58419
-9.87179
-10.2715
-10.0737
-7.14938
-10.3513
-10.3491
-10.6642
-10.6832
-9.53966
-6.50158
-8.78148
-8.04912
-6.34722
-6.61778
-5.67435
-8.51215
-6.87788
-10.2576
-8.92753
-10.398
-4.353
-10.6542
-10.3091
-7.96089
-7.45695
-1.45242
-2.09833
-8.31557
-8.2728
-10.3078
-9.78997
-6.37834
-10.5638
-7.8642
-10.4462
-8.02868
-10.5822
-6.40067
-6.48385
-10.6514
-9.76407
-10.0862
-8.11272
-5.80207
-2.05545
-10.186
-10.3028
-10.6073
-6.85214
-9.66576
-4.854
-6.59511
-10.6862
-9.5437
-7.48736
-6.53141
-8.85268
-8.60377
-5.02946
-10.6573
-10.0343
-10.5505
-8.41733
-6.68212
-10.3594
-2.33157
-7.99466
-10.0582
-10.6334
-10.1499
-10.5608
-9.04579
-5.19672
-0.942109
-9.204
-10.6346
-10.683
-9.58363
-10.6177
-7.22094
-8.76493
-6.92815
-5.39373
-10.6626
-10.2606
-10.6432
-10.6371
-10.6921
-10.6914
-2.07996
-5.97248
-9.99363
-10.2091
-10.6926
-10.6846
-6.26791
-10.6882
-10.5415
-5.30724
-7.5534
-9.72662
-10.3865
-10.2613
-4.92773
-6.7025
-8.43154
-6.34343
-5.81593
-5.48392
-5.28764
-9.23146
-4.80181
-6.61467
-10.6208
-9.69378
-5.01164
-10.6691
-3.99972
-10.666
-9.08014
-3.43386
-10.6678
-0.619861
-9.56045
-4.73568
-9.8165
-7.21529
-7.98447
-10.1695
-9.4765
-2.38456
-6.26612
-10.6667
-10.4453
-10.6822
-5.61538
-8.96486
-10.1453
-10.1983
-8.12066
-4.65158
-5.28065
-9.21151
-6.93061
-9.19349
-10.5273
-10.6111
-10.6769
-7.94825
-9.5643
-10.425
-1.64803
-1.89331
-8.84943
-9.61012
-1.11863
-8.04234
-5.48149
-10.5844
-9.63033
-7.94737
-3.54253
-9.33404
-4.14222
-9.89378
-9.29942
-10.1436
-6.72642
-10.5333
-10.4445
-9.13919
-8.2005
-10.0144
-6.1603
-10.6584
-5.95085
-7.02903
0.934118
-9.61646
-10.6658
-10.4992
-8.7056
-6.11041
-5.97062
-8.63592
-9.09886
-10.671
-10.5928
-10.5632
-8.34657
-10.641
-7.71894
-8.31559
-10.6835
-3.151
-8.80271
-10.2116
-8.87412
-7.2156
-10.3181
-9.49488
-10.6467
-1.3016
-10.6892
-3.97709
-10.146
-10.692
-10.6626
-10.6843
-9.47773
-10.2778
-8.88958
-6.78052
0.159375
-10.1624
-7.67542
-6.97444
-6.31597
-6.82452
-6.70969
-9.11457
-10.6799
-10.2442
-10.3238
-9.94758
-8.88592
-10.6495
-10.6881
-7.09314
-4.872
-8.56096
-9.1394
-7.48157
-3.10164
-9.28867
-10.0599
-8.41765
-10.5098
-8.02919
-7.03227
-6.54967
-4.37349
-10.6727
-8.61354
-7.48736
-9.92517
-5.04782
-7.92689
-7.46225
-6.30464
-7.11663
-10.225
-9.05594
-9.6375
-9.81772
-7.42879
-7.44141
-7.54435
-2.77985
-10.5367
-6.23106
-10.4961
-10.1212
-8.91592
-9.40416
-10.4474
0.10109
-2.06937
-7.01074
-10.216
-10.3943
-8.19264
-9.60168
-6.75016
-10.6324
-7.05822
-10.5887
-10.6839
-9.56812
-9.67608
-7.35002
-8.00532
-9.29253
-10.3978
-9.24636
-4.7064
-6.91798
-10.6561
-7.84814
-0.053965
-9.91194
-10.2493
-6.83599
-6.57667
-8.60791
-8.19757
-10.5685
-4.98158
-10.2759
-9.89053
-1.26316
-8.80187
-10.6282
-9.86116
-4.56352
-4.95489
-8.23788
-8.93166
-10.0606
-10.6736
-7.93614
-3.4266
-8.94419
-8.86972
-3.28843
-9.80311
-7.73739
-5.95859
-5.23104
-9.98907
-10.6736
-9.03429
-9.48087
-9.20163
-10.0038
-4.09334
-9.85509
-9.18428
-0.615932
-6.0872
1.79815
8.59933
-10.6189
-4.50129
-8.18243
-7.82681
-10.2358
-9.03977
-9.31695
-10.1423
0.42947
-10.2254
-2.17349
-10.474
-9.93895
1.77564
-6.51862
-8.2393
-9.8498
-10.6875
-9.82521
-9.8201
-10.4182
-9.62278
-10.6373
-2.02982
-10.4253
-10.683
-8.65442
-6.59434
-7.37319
-4.99859
-10.1397
-4.6587
-10.6826
-6.16739
-6.02813
-10.0053
-10.6931
-10.0859
-10.0616
-10.576
2.87644
0.662277
-8.04285
-4.50078
-8.26892
4.77758
-10.693
-4.93217
6.70863
-5.50558
6.23871
-6.02471
-9.26395
-10.3183
0.596374
-4.82791
-7.40199
2.0715
-9.95467
-6.98355
-8.53768
-10.6904
-9.46631
-9.66868
-10.2181
-5.59118
1.03037
-10.6428
-0.887452
-5.79449
-10.6923
-10.6924
-9.70241
-10.5246
-7.04325
-8.81222
-2.73578
0.764036
-8.66519
-9.53499
-10.2485
-7.71116
-6.51621
-4.62773
-8.06029
-2.65714
-7.828
-8.81599
-8.18129
-7.51757
-3.91239
-9.82616
-10.6911
-8.15942
-8.34668
-6.98614
-9.85701
-7.4351
-7.55136
-10.6833
-5.36511
5.01213
-8.67983
-6.59011
-8.49074
-8.29414
-10.4933
-10.2849
-6.71594
-6.83358
-8.35884
-6.75469
-10.462
-4.44191
-5.55251
-8.39621
-5.2336
-5.79324
-10.693
-8.14496
-7.98797
-6.82724
3.65842
-6.48696
-10.6309
-10.6053
-2.13917
-10.5673
-8.07857
-10.033
-6.45729
-5.70626
-9.44112
-10.3692
-5.84093
3.3148
-4.60348
-9.63947
-7.88518
0.216026
-9.89961
-10.6592
-10.1958
-4.10369
-9.25396
-4.91656
-8.03616
-5.87531
-10.6106
-4.30797
-10.3614
-10.5899
-7.90762
-5.07776
-9.94198
-4.69013
-7.44695
-5.88644
-9.17944
-10.4586
-1.73424
-6.87852
-8.37505
-9.30794
-9.3905
-9.63982
-10.6323
2.16921
-7.78786
-8.14104
-8.10043
-10.6267
-8.28126
-10.1036
-10.1656
-10.6628
-10.2596
-8.45876
-7.4881
-1.71165
-7.81574
-9.50826
-8.50327
-10.6111
-10.6773
-10.6908
-8.99461
-9.67615
-7.27668
-7.89775
-6.78496
-5.62648
-10.654
-10.0445
-3.38427
-7.14176
-1.06917
-10.1585
-8.03816
-8.97068
-7.07326
27.8375
27.2026
-0.90968
20.5347
27.8953
28.9939
28.0227
15.182
26.7223
28.0755
26.2776
27.6314
27.6321
26.5198
25.218
28.2455
17.4211
4.03383
27.6409
26.7401
-4.92373
24.1197
27.8537
19.2312
27.3535
26.7541
21.8417
26.6524
28.761
27.8047
27.4367
28.6721
26.2452
26.1294
22.6734
6.06778
23.2127
22.3304
26.6685
26.4206
-10.2547
-8.17435
-8.17695
-9.91198
-10.1341
-9.33895
-9.77439
-10.0282
1.23071
-10.6894
-10.2471
-5.10434
-10.6024
-0.831567
-7.39768
-10.6751
-10.6292
-6.37755
-10.5723
-8.5716
-10.5141
-10.3215
-6.3491
-6.72366
-10.6892
-2.38446
-6.67743
-10.5787
-9.14433
-4.58034
-1.19245
-8.11181
-6.46103
-3.15306
-4.3461
-3.35246
-10.5061
6.38123
-10.2785
-3.41374
-8.7378
-10.131
-5.279
-9.28858
-10.2082
-7.45456
-7.65872
-9.13329
-10.5814
-10.6805
-10.1334
-10.5038
-1.58973
-2.96405
-6.3717
-10.4334
-9.0921
-10.6916
-10.6474
-6.7781
-9.94554
-10.2974
-10.191
-10.6769
-7.71572
-1.25189
-6.21191
-8.94252
-8.88298
-10.6788
-3.53206
-10.6907
-4.65204
-7.7974
-8.90461
-6.86867
-1.02613
-9.6746
-10.6247
-8.47354
-10.6141
-8.19951
-4.02582
-8.02995
-10.6891
-3.75002
-10.6913
-10.687
-10.4777
-10.2127
-10.6227
-5.64227
-10.584
-10.6816
-9.1915
-10.4815
-8.89508
-9.5964
-5.98441
-10.584
-10.6399
-7.42071
-9.54987
-10.5476
-6.18419
-10.6928
-7.32185
-1.82371
-10.5402
-7.31105
-9.3768
-9.76554
-10.6261
-6.06952
-8.24241
-3.73114
-9.95611
-8.79823
-4.67838
-10.3804
-3.28358
-8.13849
-4.84976
-10.0773
-10.6813
-10.1145
-6.09857
-9.30386
-10.6645
-10.3559
-8.058
-1.44301
-10.484
-10.408
-9.15877
-8.23609
-1.11872
-10.4873
-9.5139
-10.6819
-10.2699
-9.95849
-9.93584
-5.34303
-9.45884
-10.6218
-10.4672
-8.80064
-10.5771
-7.47209
-5.61148
-10.6547
-6.36607
-7.19921
-3.68507
-9.47056
-7.47682
-0.987898
-6.35989
-8.73314
-9.21337
-10.0374
-10.6903
-5.46979
-10.6289
-10.6464
-10.5477
-7.71136
-9.33122
-7.12045
-5.35001
-6.17201
-9.95914
-4.08301
-9.64478
-10.6755
-10.3937
-10.2575
-9.95622
1.99202
-8.83745
-10.2511
-8.62977
-4.75312
1.9635
-5.82079
-9.3259
-9.44856
-2.04754
-7.72309
-9.03483
-2.72738
-10.5557
-9.70569
-8.28923
-10.4144
-10.3291
-10.281
-9.99511
-8.20402
-4.4863
-10.0594
-9.07977
-1.89993
-9.26926
-8.20731
-10.5622
1.04807
1.14986
-9.71007
-6.09161
-8.86463
5.1346
-10.4243
-9.34069
-9.23393
8.12672
-4.64274
4.82274
-9.52159
-7.6876
-6.95186
-10.0628
-9.96794
-7.80272
-10.6639
-2.15881
-0.818303
-10.5265
-8.73212
-7.35962
-7.83092
-9.25715
-10.65
-7.80221
-9.52832
-4.25771
-7.18825
-1.59951
-8.81149
-9.96013
-7.00307
-10.6117
-10.4347
-5.55618
-9.33211
-10.389
-9.31967
-7.21546
-3.64712
-6.47649
-10.34
-8.78668
-8.52642
-10.6659
-5.91747
-0.282589
-10.2381
-8.62081
-10.2568
-5.42944
-10.6443
-9.66485
6.92258
0.441373
-10.0981
-7.38866
-8.91465
-9.6994
-6.06153
-10.239
0.596867
-5.98194
-6.15502
-10.5426
-0.809804
-9.97319
-10.681
-10.6909
-10.2076
-9.68812
-7.02354
-9.47714
-10.5299
-10.1747
-8.45793
1.84891
-8.04689
-7.24091
-10.4299
-10.0868
-6.88138
-10.6929
-5.09372
-5.94048
-6.2028
-9.27497
-10.401
-6.89141
-7.66044
-10.3792
-8.05265
-5.72699
-7.95268
-10.1357
-8.74699
-10.6831
-10.5361
-6.09888
-10.0106
-10.556
-7.99885
-10.0404
-10.0295
-10.2952
-9.9553
-10.6773
-10.6891
-8.41301
-10.0072
-5.6913
-8.8595
-3.97591
-8.73839
-9.42666
-10.3774
-7.39988
-7.10218
-7.85766
-10.3071
-10.6024
3.2242
-5.01625
-1.84984
-0.568174
-10.5566
-10.5574
-9.20308
-10.5493
-5.19658
-9.11706
-10.15
-4.75457
-10.3425
-10.6198
-0.601204
-9.23195
-6.34126
-7.87459
-10.5389
-8.3407
-5.73121
-0.762836
-10.692
-10.5509
-10.6221
-6.90168
-10.3493
-9.01895
-8.02384
-8.30687
-6.58015
-6.61245
-9.22928
-10.337
-10.6454
-10.4128
-7.99345
-4.49841
-9.93005
-5.54968
-9.92505
-10.3624
-7.58682
-6.74954
2.51294
-4.68903
-6.83058
-10.0897
2.28827
-10.4697
-10.5279
-8.2829
-10.6889
0.163607
-8.81251
-9.82414
-9.3964
-10.3952
-9.87477
-6.4937
-2.48356
-10.3202
-10.2803
-9.98383
-10.2237
-7.15833
-10.5368
-10.6849
-10.1521
-10.5951
-10.6748
-10.6572
-4.29921
-6.8506
-10.0443
-10.5152
-10.1298
-10.6678
-10.4101
-3.66568
-7.90623
-8.46761
-2.19441
-8.20939
-6.82995
-10.1132
-9.74199
-3.81323
-10.6911
-10.6785
-10.6633
-10.3944
-9.2182
-4.93357
-5.96874
-10.1489
-7.96182
-10.5591
-10.5114
-8.07643
-9.26074
-10.6712
-9.88989
-10.3408
-7.97574
-7.09734
-3.05396
-10.6478
-10.6743
-5.60811
-10.6639
-10.4478
-10.6849
-7.46914
-10.4405
-10.6537
-8.55908
-10.5771
-10.2949
-7.44138
-7.09514
-7.56548
-10.3453
-4.7925
-0.691811
-3.45795
-10.6787
-8.45666
0.562273
-10.5879
-5.05584
-9.17943
-10.2503
-10.3844
-5.14938
-10.674
-5.27546
-10.3581
-10.6023
-9.61827
-10.3544
-6.77462
-10.4754
-8.10078
-10.6741
-2.61497
-10.5435
4.24643
-3.20904
-6.98043
-10.5726
-10.5823
-9.37074
-5.95234
-5.45726
-9.90555
0.647634
-10.3381
-6.61367
-10.297
-10.3992
-9.45938
-9.85642
-9.90132
-10.6434
-10.44
-10.6908
-10.2713
-8.23997
-6.51811
-10.3514
-4.66164
-7.61244
-0.628741
-4.57621
-10.3766
-9.6819
-10.1128
-7.17718
-9.57189
-10.2291
-10.1068
-9.55461
-10.3791
-10.0211
-0.987598
-10.484
-10.6843
-10.6767
-10.6838
-9.71917
-10.6192
-10.5943
-10.6261
-9.21513
-10.1778
-10.5719
-6.56611
-10.5947
-3.94565
1.10799
-10.3679
-10.0595
-7.11663
8.05239
-10.6654
-9.09431
-9.84057
8.66801
-5.62293
-6.25702
-5.91901
-10.2833
-1.73396
-10.6662
-9.10239
-10.4634
-10.6923
-5.72344
-10.4934
-9.6497
-8.46435
-6.71494
-9.23212
-10.6587
-8.61014
-8.63711
-10.5789
-5.04289
-9.56658
-6.34967
-10.5478
-5.79476
-9.89429
-10.2838
9.42021
-10.4837
-10.2177
-9.25981
-9.61352
-10.6741
-3.9696
-5.70342
-6.65999
-10.6214
-10.4924
-6.19277
1.08552
-10.684
-10.4936
-5.43414
-9.05657
-8.77995
-10.6676
-10.685
-9.24426
-5.35898
-7.93897
-10.3504
-10.6881
-10.6841
-9.74171
-7.50492
-5.72999
-8.51251
-8.15542
-9.51547
-9.18295
-10.3397
-6.90401
-10.6425
-9.71465
-8.84799
-4.02329
-10.2827
-10.6672
-10.5786
-10.4039
1.81452
3.44766
0.539634
16.8758
-7.04925
-10.575
-8.34635
-9.38355
-2.84205
-2.14641
-7.19794
-9.45898
-3.6644
-9.85211
-6.75168
-9.97447
-10.66
-6.16005
-8.58748
-8.77278
-9.76153
-9.46547
-10.684
-8.72506
-10.121
-10.3113
-9.84142
-10.5846
-10.6774
5.72577
-10.0657
-8.89889
-7.57176
-10.4541
-10.3316
-7.39573
-10.0252
-4.80416
5.36261
-8.32174
-4.44947
-2.99596
-8.84998
-10.5439
-10.6635
-3.79245
-8.14772
-7.69558
-9.2327
-7.45772
-7.62611
-9.43907
-4.04102
-9.60204
-7.46155
-2.02259
-5.61504
-5.22686
-9.68127
-5.89494
-7.30349
-8.63592
-10.2714
-10.6828
-10.643
-6.67871
-9.26716
-6.90785
-10.1802
-9.85409
-8.78075
-10.6235
-9.95069
-10.0811
-4.78488
-10.6909
-10.5914
-7.92588
-6.60539
-5.96334
-8.2794
-10.6084
-8.40104
-7.90171
-10.3724
-10.6165
-10.5095
-10.6663
-8.84771
-10.607
-10.6436
-10.6666
-10.3297
-8.68969
-10.2877
-6.71156
-10.6655
-10.5912
-8.90208
-3.06546
-9.10652
-10.3798
-7.30814
-7.72302
-7.95235
-7.45894
-8.89228
-10.6914
-10.6612
-8.31971
-10.3455
-6.40069
-6.35659
-6.78365
-8.72889
-4.9467
-10.6168
-10.2777
-7.22943
-9.82871
-6.03092
-6.19948
-10.6199
-10.6847
-10.4419
-8.94453
-2.975
-9.91063
-5.09021
-7.27883
-9.6605
-9.25875
-8.06695
1.02041
-8.73466
-6.75346
-6.27028
-8.82685
-7.43419
-9.99147
-9.71587
-9.97971
-8.45069
-5.51037
-10.3724
-4.16282
-0.269119
-10.6615
-10.4103
-10.4837
-6.6219
-6.84401
-9.58875
-9.72112
-8.62495
-10.6632
-9.68468
-1.40112
6.07725
-7.31923
-10.2155
-10.5816
-2.30376
-10.6799
-9.01928
-6.28445
-7.77953
-7.5758
-10.6127
-5.4626
-6.37127
-9.65733
-7.89423
-10.1128
-6.45982
-7.25964
-6.9015
-7.94281
-5.7191
-10.5127
-8.06053
-10.2117
-6.36103
-10.3534
-9.79722
-9.0952
-5.33188
-10.6835
-10.6503
-10.6468
-10.6338
-8.6645
-10.6926
-10.6133
-7.69468
-7.15808
0.737811
-10.6723
-10.686
-10.3712
-10.5989
-9.8651
-6.3599
-8.45563
-9.38056
-4.44198
-8.0236
-10.6726
-10.5644
-7.64029
-10.6889
-10.5583
-10.4499
-7.25992
-9.03599
-9.02027
-10.5869
-1.70064
-8.90432
-8.23222
-9.39752
-7.53561
-6.08787
-10.5242
-10.6753
-2.02323
-8.66435
-10.5494
-10.3904
-7.9155
-9.61536
-10.0001
-8.10188
-10.0865
-9.52181
1.66763
-9.97797
-9.19911
-10.2511
-10.6888
-7.05807
-9.6533
-8.16877
-10.6491
-10.6196
-7.45069
-9.75502
-5.87926
690
